Node,x,y,z,Stress (Pa)
1,0.01,0.015,-0.0375,956000000
2,0.01,0.03,-0.0375,1180000000
3,0.01,0.045,-0.0375,1260000000
4,0.01,0.06,-0.0375,1280000000
5,0.01,0.075,-0.0375,1290000000
6,0.01,0.09,-0.0375,1290000000
7,0.01,0.105,-0.0375,1290000000
8,0.01,0.12,-0.0375,1290000000
9,0.01,0.135,-0.0375,1290000000
10,0.01,0.15,-0.0375,1290000000
11,0.01,0.165,-0.0375,1290000000
12,0.01,0.18,-0.0375,1290000000
13,0.01,0.195,-0.0375,1290000000
14,0.01,0.21,-0.0375,1290000000
15,0.01,0.225,-0.0375,1290000000
16,0.01,0.24,-0.0375,1280000000
17,0.01,0.255,-0.0375,1260000000
18,0.01,0.27,-0.0375,1180000000
19,0.01,0.285,-0.0375,956000000
20,0.01,0.015,-0.025,799000000
21,0.01,0.03,-0.025,1110000000
22,0.01,0.045,-0.025,1170000000
23,0.01,0.06,-0.025,1190000000
24,0.01,0.075,-0.025,1190000000
25,0.01,0.09,-0.025,1190000000
26,0.01,0.105,-0.025,1190000000
27,0.01,0.12,-0.025,1190000000
28,0.01,0.135,-0.025,1190000000
29,0.01,0.15,-0.025,1190000000
30,0.01,0.165,-0.025,1190000000
31,0.01,0.18,-0.025,1190000000
32,0.01,0.195,-0.025,1190000000
33,0.01,0.21,-0.025,1190000000
34,0.01,0.225,-0.025,1190000000
35,0.01,0.24,-0.025,1190000000
36,0.01,0.255,-0.025,1170000000
37,0.01,0.27,-0.025,1110000000
38,0.01,0.285,-0.025,799000000
39,0.01,0.015,-0.0125,956000000
40,0.01,0.03,-0.0125,1180000000
41,0.01,0.045,-0.0125,1260000000
42,0.01,0.06,-0.0125,1280000000
43,0.01,0.075,-0.0125,1290000000
44,0.01,0.09,-0.0125,1290000000
45,0.01,0.105,-0.0125,1290000000
46,0.01,0.12,-0.0125,1290000000
47,0.01,0.135,-0.0125,1290000000
48,0.01,0.15,-0.0125,1290000000
49,0.01,0.165,-0.0125,1290000000
50,0.01,0.18,-0.0125,1290000000
51,0.01,0.195,-0.0125,1290000000
52,0.01,0.21,-0.0125,1290000000
53,0.01,0.225,-0.0125,1290000000
54,0.01,0.24,-0.0125,1280000000
55,0.01,0.255,-0.0125,1260000000
56,0.01,0.27,-0.0125,1180000000
57,0.01,0.285,-0.0125,956000000
58,0,0.285,-0.0125,956000000
59,0,0.27,-0.0125,1180000000
60,0,0.255,-0.0125,1260000000
61,0,0.24,-0.0125,1280000000
62,0,0.225,-0.0125,1290000000
63,0,0.21,-0.0125,1290000000
64,0,0.195,-0.0125,1290000000
65,0,0.18,-0.0125,1290000000
66,0,0.165,-0.0125,1290000000
67,0,0.15,-0.0125,1290000000
68,0,0.135,-0.0125,1290000000
69,0,0.12,-0.0125,1290000000
70,0,0.105,-0.0125,1290000000
71,0,0.09,-0.0125,1290000000
72,0,0.075,-0.0125,1290000000
73,0,0.06,-0.0125,1280000000
74,0,0.045,-0.0125,1260000000
75,0,0.03,-0.0125,1180000000
76,0,0.015,-0.0125,956000000
77,0,0.285,-0.025,799000000
78,0,0.27,-0.025,1110000000
79,0,0.255,-0.025,1170000000
80,0,0.24,-0.025,1190000000
81,0,0.225,-0.025,1190000000
82,0,0.21,-0.025,1190000000
83,0,0.195,-0.025,1190000000
84,0,0.18,-0.025,1190000000
85,0,0.165,-0.025,1190000000
86,0,0.15,-0.025,1190000000
87,0,0.135,-0.025,1190000000
88,0,0.12,-0.025,1190000000
89,0,0.105,-0.025,1190000000
90,0,0.09,-0.025,1190000000
91,0,0.075,-0.025,1190000000
92,0,0.06,-0.025,1190000000
93,0,0.045,-0.025,1170000000
94,0,0.03,-0.025,1110000000
95,0,0.015,-0.025,799000000
96,0,0.285,-0.0375,956000000
97,0,0.27,-0.0375,1180000000
98,0,0.255,-0.0375,1260000000
99,0,0.24,-0.0375,1280000000
100,0,0.225,-0.0375,1290000000
101,0,0.21,-0.0375,1290000000
102,0,0.195,-0.0375,1290000000
103,0,0.18,-0.0375,1290000000
104,0,0.165,-0.0375,1290000000
105,0,0.15,-0.0375,1290000000
106,0,0.135,-0.0375,1290000000
107,0,0.12,-0.0375,1290000000
108,0,0.105,-0.0375,1290000000
109,0,0.09,-0.0375,1290000000
110,0,0.075,-0.0375,1290000000
111,0,0.06,-0.0375,1280000000
112,0,0.045,-0.0375,1260000000
113,0,0.03,-0.0375,1180000000
114,0,0.015,-0.0375,956000000
115,0,0,-0.0375,684000000
116,0,0,-0.025,293000000
117,0,0,-0.0125,684000000
118,0,0.3,-0.0375,684000000
119,0,0.3,-0.025,293000000
120,0,0.3,-0.0125,684000000
121,0,0.3,-0.05,1030000000
122,0,0.285,-0.05,791000000
123,0,0.27,-0.05,591000000
124,0,0.255,-0.05,594000000
125,0,0.24,-0.05,596000000
126,0,0.225,-0.05,597000000
127,0,0.21,-0.05,598000000
128,0,0.195,-0.05,598000000
129,0,0.18,-0.05,598000000
130,0,0.165,-0.05,598000000
131,0,0.15,-0.05,598000000
132,0,0.135,-0.05,598000000
133,0,0.12,-0.05,598000000
134,0,0.105,-0.05,598000000
135,0,0.09,-0.05,598000000
136,0,0.075,-0.05,597000000
137,0,0.06,-0.05,596000000
138,0,0.045,-0.05,594000000
139,0,0.03,-0.05,591000000
140,0,0.015,-0.05,791000000
141,0,0,-0.05,1030000000
142,0,0.3,0,1030000000
143,0,0.285,0,791000000
144,0,0.27,0,591000000
145,0,0.255,0,594000000
146,0,0.24,0,596000000
147,0,0.225,0,597000000
148,0,0.21,0,598000000
149,0,0.195,0,598000000
150,0,0.18,0,598000000
151,0,0.165,0,598000000
152,0,0.15,0,598000000
153,0,0.135,0,598000000
154,0,0.12,0,598000000
155,0,0.105,0,598000000
156,0,0.09,0,598000000
157,0,0.075,0,597000000
158,0,0.06,0,596000000
159,0,0.045,0,594000000
160,0,0.03,0,591000000
161,0,0.015,0,791000000
162,0,0,0,1030000000
163,0.01,0.015,0,791000000
164,0.01,0.03,0,591000000
165,0.01,0.045,0,594000000
166,0.01,0.06,0,596000000
167,0.01,0.075,0,597000000
168,0.01,0.09,0,598000000
169,0.01,0.105,0,598000000
170,0.01,0.12,0,598000000
171,0.01,0.135,0,598000000
172,0.01,0.15,0,598000000
173,0.01,0.165,0,598000000
174,0.01,0.18,0,598000000
175,0.01,0.195,0,598000000
176,0.01,0.21,0,598000000
177,0.01,0.225,0,597000000
178,0.01,0.24,0,596000000
179,0.01,0.255,0,594000000
180,0.01,0.27,0,591000000
181,0.01,0.285,0,791000000
182,0.01,0,0,1030000000
183,0.01,0.3,0,1030000000
184,0.01,0.015,-0.05,791000000
185,0.01,0.03,-0.05,591000000
186,0.01,0.045,-0.05,594000000
187,0.01,0.06,-0.05,596000000
188,0.01,0.075,-0.05,597000000
189,0.01,0.09,-0.05,598000000
190,0.01,0.105,-0.05,598000000
191,0.01,0.12,-0.05,598000000
192,0.01,0.135,-0.05,598000000
193,0.01,0.15,-0.05,598000000
194,0.01,0.165,-0.05,598000000
195,0.01,0.18,-0.05,598000000
196,0.01,0.195,-0.05,598000000
197,0.01,0.21,-0.05,598000000
198,0.01,0.225,-0.05,597000000
199,0.01,0.24,-0.05,596000000
200,0.01,0.255,-0.05,594000000
201,0.01,0.27,-0.05,591000000
202,0.01,0.285,-0.05,791000000
203,0.01,0,-0.05,1030000000
204,0.01,0.3,-0.05,1030000000
205,0.01,0.3,-0.0375,684000000
206,0.01,0.3,-0.025,293000000
207,0.01,0.3,-0.0125,684000000
208,0.01,0,-0.0375,684000000
209,0.01,0,-0.025,293000000
210,0.01,0,-0.0125,684000000
211,0.01,0.0225,-0.0375,1050000000
212,0.01,0.015,-0.0313,862000000
213,0.005,0.015,-0.0375,53600000
214,0.01,0.015,-0.0438,789000000
215,0.01,0.0075,-0.0375,757000000
216,0.01,0.0375,-0.0375,1220000000
217,0.01,0.03,-0.0313,1140000000
218,0.005,0.03,-0.0375,39500000
219,0.01,0.03,-0.0438,807000000
220,0.01,0.0525,-0.0375,1270000000
221,0.01,0.045,-0.0313,1210000000
222,0.005,0.045,-0.0375,57700000
223,0.01,0.045,-0.0438,842000000
224,0.01,0.0675,-0.0375,1280000000
225,0.01,0.06,-0.0313,1230000000
226,0.005,0.06,-0.0375,61700000
227,0.01,0.06,-0.0438,855000000
228,0.01,0.0825,-0.0375,1290000000
229,0.01,0.075,-0.0313,1240000000
230,0.005,0.075,-0.0375,63400000
231,0.01,0.075,-0.0438,859000000
232,0.01,0.0975,-0.0375,1290000000
233,0.01,0.09,-0.0313,1240000000
234,0.005,0.09,-0.0375,63800000
235,0.01,0.09,-0.0438,860000000
236,0.01,0.1125,-0.0375,1290000000
237,0.01,0.105,-0.0313,1240000000
238,0.005,0.105,-0.0375,64000000
239,0.01,0.105,-0.0438,860000000
240,0.01,0.1275,-0.0375,1290000000
241,0.01,0.12,-0.0313,1240000000
242,0.005,0.12,-0.0375,64000000
243,0.01,0.12,-0.0438,860000000
244,0.01,0.1425,-0.0375,1290000000
245,0.01,0.135,-0.0313,1240000000
246,0.005,0.135,-0.0375,64000000
247,0.01,0.135,-0.0438,860000000
248,0.01,0.1575,-0.0375,1290000000
249,0.01,0.15,-0.0313,1240000000
250,0.005,0.15,-0.0375,64000000
251,0.01,0.15,-0.0438,860000000
252,0.01,0.1725,-0.0375,1290000000
253,0.01,0.165,-0.0313,1240000000
254,0.005,0.165,-0.0375,64000000
255,0.01,0.165,-0.0438,860000000
256,0.01,0.1875,-0.0375,1290000000
257,0.01,0.18,-0.0313,1240000000
258,0.005,0.18,-0.0375,64000000
259,0.01,0.18,-0.0438,860000000
260,0.01,0.2025,-0.0375,1290000000
261,0.01,0.195,-0.0313,1240000000
262,0.005,0.195,-0.0375,64000000
263,0.01,0.195,-0.0438,860000000
264,0.01,0.2175,-0.0375,1290000000
265,0.01,0.21,-0.0313,1240000000
266,0.005,0.21,-0.0375,63800000
267,0.01,0.21,-0.0438,860000000
268,0.01,0.2325,-0.0375,1280000000
269,0.01,0.225,-0.0313,1240000000
270,0.005,0.225,-0.0375,63400000
271,0.01,0.225,-0.0438,859000000
272,0.01,0.2475,-0.0375,1270000000
273,0.01,0.24,-0.0313,1230000000
274,0.005,0.24,-0.0375,61700000
275,0.01,0.24,-0.0438,855000000
276,0.01,0.2625,-0.0375,1220000000
277,0.01,0.255,-0.0313,1210000000
278,0.005,0.255,-0.0375,57700000
279,0.01,0.255,-0.0438,842000000
280,0.01,0.2775,-0.0375,1050000000
281,0.01,0.27,-0.0313,1140000000
282,0.005,0.27,-0.0375,39500000
283,0.01,0.27,-0.0438,807000000
284,0.01,0.285,-0.0313,862000000
285,0.005,0.285,-0.0375,53600000
286,0.01,0.285,-0.0438,789000000
287,0.01,0.2925,-0.0375,757000000
288,0.01,0.0225,-0.025,953000000
289,0.01,0.015,-0.0188,862000000
290,0.005,0.015,-0.025,102000000
291,0.01,0.0075,-0.025,545000000
292,0.01,0.0375,-0.025,1140000000
293,0.01,0.03,-0.0188,1140000000
294,0.005,0.03,-0.025,28200000
295,0.01,0.0525,-0.025,1180000000
296,0.01,0.045,-0.0188,1210000000
297,0.005,0.045,-0.025,5980000
298,0.01,0.0675,-0.025,1190000000
299,0.01,0.06,-0.0188,1230000000
300,0.005,0.06,-0.025,2390000
301,0.01,0.0825,-0.025,1190000000
302,0.01,0.075,-0.0188,1240000000
303,0.005,0.075,-0.025,515000
304,0.01,0.0975,-0.025,1190000000
305,0.01,0.09,-0.0188,1240000000
306,0.005,0.09,-0.025,207000
307,0.01,0.1125,-0.025,1190000000
308,0.01,0.105,-0.0188,1240000000
309,0.005,0.105,-0.025,47871
310,0.01,0.1275,-0.025,1190000000
311,0.01,0.12,-0.0188,1240000000
312,0.005,0.12,-0.025,17974
313,0.01,0.1425,-0.025,1190000000
314,0.01,0.135,-0.0188,1240000000
315,0.005,0.135,-0.025,4022.7
316,0.01,0.1575,-0.025,1190000000
317,0.01,0.15,-0.0188,1240000000
318,0.005,0.15,-0.025,0.000688
319,0.01,0.1725,-0.025,1190000000
320,0.01,0.165,-0.0188,1240000000
321,0.005,0.165,-0.025,4022.7
322,0.01,0.1875,-0.025,1190000000
323,0.01,0.18,-0.0188,1240000000
324,0.005,0.18,-0.025,17974
325,0.01,0.2025,-0.025,1190000000
326,0.01,0.195,-0.0188,1240000000
327,0.005,0.195,-0.025,47871
328,0.01,0.2175,-0.025,1190000000
329,0.01,0.21,-0.0188,1240000000
330,0.005,0.21,-0.025,207000
331,0.01,0.2325,-0.025,1190000000
332,0.01,0.225,-0.0188,1240000000
333,0.005,0.225,-0.025,515000
334,0.01,0.2475,-0.025,1180000000
335,0.01,0.24,-0.0188,1230000000
336,0.005,0.24,-0.025,2390000
337,0.01,0.2625,-0.025,1140000000
338,0.01,0.255,-0.0188,1210000000
339,0.005,0.255,-0.025,5980000
340,0.01,0.2775,-0.025,953000000
341,0.01,0.27,-0.0188,1140000000
342,0.005,0.27,-0.025,28200000
343,0.01,0.285,-0.0188,862000000
344,0.005,0.285,-0.025,102000000
345,0.01,0.2925,-0.025,545000000
346,0.01,0.0225,-0.0125,1050000000
347,0.005,0.015,-0.0125,53600000
348,0.01,0.015,-0.00625,789000000
349,0.01,0.0075,-0.0125,757000000
350,0.01,0.0375,-0.0125,1220000000
351,0.005,0.03,-0.0125,39500000
352,0.01,0.03,-0.00625,807000000
353,0.01,0.0525,-0.0125,1270000000
354,0.005,0.045,-0.0125,57700000
355,0.01,0.045,-0.00625,842000000
356,0.01,0.0675,-0.0125,1280000000
357,0.005,0.06,-0.0125,61700000
358,0.01,0.06,-0.00625,855000000
359,0.01,0.0825,-0.0125,1290000000
360,0.005,0.075,-0.0125,63400000
361,0.01,0.075,-0.00625,859000000
362,0.01,0.0975,-0.0125,1290000000
363,0.005,0.09,-0.0125,63800000
364,0.01,0.09,-0.00625,860000000
365,0.01,0.1125,-0.0125,1290000000
366,0.005,0.105,-0.0125,64000000
367,0.01,0.105,-0.00625,860000000
368,0.01,0.1275,-0.0125,1290000000
369,0.005,0.12,-0.0125,64000000
370,0.01,0.12,-0.00625,860000000
371,0.01,0.1425,-0.0125,1290000000
372,0.005,0.135,-0.0125,64000000
373,0.01,0.135,-0.00625,860000000
374,0.01,0.1575,-0.0125,1290000000
375,0.005,0.15,-0.0125,64000000
376,0.01,0.15,-0.00625,860000000
377,0.01,0.1725,-0.0125,1290000000
378,0.005,0.165,-0.0125,64000000
379,0.01,0.165,-0.00625,860000000
380,0.01,0.1875,-0.0125,1290000000
381,0.005,0.18,-0.0125,64000000
382,0.01,0.18,-0.00625,860000000
383,0.01,0.2025,-0.0125,1290000000
384,0.005,0.195,-0.0125,64000000
385,0.01,0.195,-0.00625,860000000
386,0.01,0.2175,-0.0125,1290000000
387,0.005,0.21,-0.0125,63800000
388,0.01,0.21,-0.00625,860000000
389,0.01,0.2325,-0.0125,1280000000
390,0.005,0.225,-0.0125,63400000
391,0.01,0.225,-0.00625,859000000
392,0.01,0.2475,-0.0125,1270000000
393,0.005,0.24,-0.0125,61700000
394,0.01,0.24,-0.00625,855000000
395,0.01,0.2625,-0.0125,1220000000
396,0.005,0.255,-0.0125,57700000
397,0.01,0.255,-0.00625,842000000
398,0.01,0.2775,-0.0125,1050000000
399,0.005,0.27,-0.0125,39500000
400,0.01,0.27,-0.00625,807000000
401,0.005,0.285,-0.0125,53600000
402,0.01,0.285,-0.00625,789000000
403,0.01,0.2925,-0.0125,757000000
404,0,0.2775,-0.0125,1050000000
405,0,0.285,-0.0188,862000000
406,0,0.2925,-0.0125,757000000
407,0,0.285,-0.00625,789000000
408,0,0.2625,-0.0125,1220000000
409,0,0.27,-0.0188,1140000000
410,0,0.27,-0.00625,807000000
411,0,0.2475,-0.0125,1270000000
412,0,0.255,-0.0188,1210000000
413,0,0.255,-0.00625,842000000
414,0,0.2325,-0.0125,1280000000
415,0,0.24,-0.0188,1230000000
416,0,0.24,-0.00625,855000000
417,0,0.2175,-0.0125,1290000000
418,0,0.225,-0.0188,1240000000
419,0,0.225,-0.00625,859000000
420,0,0.2025,-0.0125,1290000000
421,0,0.21,-0.0188,1240000000
422,0,0.21,-0.00625,860000000
423,0,0.1875,-0.0125,1290000000
424,0,0.195,-0.0188,1240000000
425,0,0.195,-0.00625,860000000
426,0,0.1725,-0.0125,1290000000
427,0,0.18,-0.0188,1240000000
428,0,0.18,-0.00625,860000000
429,0,0.1575,-0.0125,1290000000
430,0,0.165,-0.0188,1240000000
431,0,0.165,-0.00625,860000000
432,0,0.1425,-0.0125,1290000000
433,0,0.15,-0.0188,1240000000
434,0,0.15,-0.00625,860000000
435,0,0.1275,-0.0125,1290000000
436,0,0.135,-0.0188,1240000000
437,0,0.135,-0.00625,860000000
438,0,0.1125,-0.0125,1290000000
439,0,0.12,-0.0188,1240000000
440,0,0.12,-0.00625,860000000
441,0,0.0975,-0.0125,1290000000
442,0,0.105,-0.0188,1240000000
443,0,0.105,-0.00625,860000000
444,0,0.0825,-0.0125,1290000000
445,0,0.09,-0.0188,1240000000
446,0,0.09,-0.00625,860000000
447,0,0.0675,-0.0125,1280000000
448,0,0.075,-0.0188,1240000000
449,0,0.075,-0.00625,859000000
450,0,0.0525,-0.0125,1270000000
451,0,0.06,-0.0188,1230000000
452,0,0.06,-0.00625,855000000
453,0,0.0375,-0.0125,1220000000
454,0,0.045,-0.0188,1210000000
455,0,0.045,-0.00625,842000000
456,0,0.0225,-0.0125,1050000000
457,0,0.03,-0.0188,1140000000
458,0,0.03,-0.00625,807000000
459,0,0.015,-0.0188,862000000
460,0,0.0075,-0.0125,757000000
461,0,0.015,-0.00625,789000000
462,0,0.2775,-0.025,953000000
463,0,0.285,-0.0313,862000000
464,0,0.2925,-0.025,545000000
465,0,0.2625,-0.025,1140000000
466,0,0.27,-0.0313,1140000000
467,0,0.2475,-0.025,1180000000
468,0,0.255,-0.0313,1210000000
469,0,0.2325,-0.025,1190000000
470,0,0.24,-0.0313,1230000000
471,0,0.2175,-0.025,1190000000
472,0,0.225,-0.0313,1240000000
473,0,0.2025,-0.025,1190000000
474,0,0.21,-0.0313,1240000000
475,0,0.1875,-0.025,1190000000
476,0,0.195,-0.0313,1240000000
477,0,0.1725,-0.025,1190000000
478,0,0.18,-0.0313,1240000000
479,0,0.1575,-0.025,1190000000
480,0,0.165,-0.0313,1240000000
481,0,0.1425,-0.025,1190000000
482,0,0.15,-0.0313,1240000000
483,0,0.1275,-0.025,1190000000
484,0,0.135,-0.0313,1240000000
485,0,0.1125,-0.025,1190000000
486,0,0.12,-0.0313,1240000000
487,0,0.0975,-0.025,1190000000
488,0,0.105,-0.0313,1240000000
489,0,0.0825,-0.025,1190000000
490,0,0.09,-0.0313,1240000000
491,0,0.0675,-0.025,1190000000
492,0,0.075,-0.0313,1240000000
493,0,0.0525,-0.025,1180000000
494,0,0.06,-0.0313,1230000000
495,0,0.0375,-0.025,1140000000
496,0,0.045,-0.0313,1210000000
497,0,0.0225,-0.025,953000000
498,0,0.03,-0.0313,1140000000
499,0,0.015,-0.0313,862000000
500,0,0.0075,-0.025,545000000
501,0,0.2775,-0.0375,1050000000
502,0,0.2925,-0.0375,757000000
503,0,0.285,-0.0438,789000000
504,0,0.2625,-0.0375,1220000000
505,0,0.27,-0.0438,807000000
506,0,0.2475,-0.0375,1270000000
507,0,0.255,-0.0438,842000000
508,0,0.2325,-0.0375,1280000000
509,0,0.24,-0.0438,855000000
510,0,0.2175,-0.0375,1290000000
511,0,0.225,-0.0438,859000000
512,0,0.2025,-0.0375,1290000000
513,0,0.21,-0.0438,860000000
514,0,0.1875,-0.0375,1290000000
515,0,0.195,-0.0438,860000000
516,0,0.1725,-0.0375,1290000000
517,0,0.18,-0.0438,860000000
518,0,0.1575,-0.0375,1290000000
519,0,0.165,-0.0438,860000000
520,0,0.1425,-0.0375,1290000000
521,0,0.15,-0.0438,860000000
522,0,0.1275,-0.0375,1290000000
523,0,0.135,-0.0438,860000000
524,0,0.1125,-0.0375,1290000000
525,0,0.12,-0.0438,860000000
526,0,0.0975,-0.0375,1290000000
527,0,0.105,-0.0438,860000000
528,0,0.0825,-0.0375,1290000000
529,0,0.09,-0.0438,860000000
530,0,0.0675,-0.0375,1280000000
531,0,0.075,-0.0438,859000000
532,0,0.0525,-0.0375,1270000000
533,0,0.06,-0.0438,855000000
534,0,0.0375,-0.0375,1220000000
535,0,0.045,-0.0438,842000000
536,0,0.0225,-0.0375,1050000000
537,0,0.03,-0.0438,807000000
538,0,0.0075,-0.0375,757000000
539,0,0.015,-0.0438,789000000
540,0,0,-0.0313,431000000
541,0,0,-0.0438,823000000
542,0.005,0,-0.0375,203000000
543,0,0,-0.0188,431000000
544,0.005,0,-0.025,71300000
545,0,0,-0.00625,823000000
546,0.005,0,-0.0125,203000000
547,0,0.3,-0.0313,431000000
548,0,0.3,-0.0438,823000000
549,0.005,0.3,-0.0375,203000000
550,0,0.3,-0.0188,431000000
551,0.005,0.3,-0.025,71300000
552,0,0.3,-0.00625,823000000
553,0.005,0.3,-0.0125,203000000
554,0,0.2925,-0.05,871000000
555,0.005,0.3,-0.05,388000000
556,0,0.2775,-0.05,658000000
557,0.005,0.285,-0.05,460000000
558,0,0.2625,-0.05,592000000
559,0.005,0.27,-0.05,443000000
560,0,0.2475,-0.05,595000000
561,0.005,0.255,-0.05,454000000
562,0,0.2325,-0.05,597000000
563,0.005,0.24,-0.05,453000000
564,0,0.2175,-0.05,597000000
565,0.005,0.225,-0.05,454000000
566,0,0.2025,-0.05,598000000
567,0.005,0.21,-0.05,454000000
568,0,0.1875,-0.05,598000000
569,0.005,0.195,-0.05,454000000
570,0,0.1725,-0.05,598000000
571,0.005,0.18,-0.05,454000000
572,0,0.1575,-0.05,598000000
573,0.005,0.165,-0.05,454000000
574,0,0.1425,-0.05,598000000
575,0.005,0.15,-0.05,454000000
576,0,0.1275,-0.05,598000000
577,0.005,0.135,-0.05,454000000
578,0,0.1125,-0.05,598000000
579,0.005,0.12,-0.05,454000000
580,0,0.0975,-0.05,598000000
581,0.005,0.105,-0.05,454000000
582,0,0.0825,-0.05,597000000
583,0.005,0.09,-0.05,454000000
584,0,0.0675,-0.05,597000000
585,0.005,0.075,-0.05,454000000
586,0,0.0525,-0.05,595000000
587,0.005,0.06,-0.05,453000000
588,0,0.0375,-0.05,592000000
589,0.005,0.045,-0.05,454000000
590,0,0.0225,-0.05,658000000
591,0.005,0.03,-0.05,443000000
592,0,0.0075,-0.05,871000000
593,0.005,0.015,-0.05,460000000
594,0.005,0,-0.05,388000000
595,0,0.2925,0,871000000
596,0.005,0.3,0,388000000
597,0,0.2775,0,658000000
598,0.005,0.285,0,460000000
599,0,0.2625,0,592000000
600,0.005,0.27,0,443000000
601,0,0.2475,0,595000000
602,0.005,0.255,0,454000000
603,0,0.2325,0,597000000
604,0.005,0.24,0,453000000
605,0,0.2175,0,597000000
606,0.005,0.225,0,454000000
607,0,0.2025,0,598000000
608,0.005,0.21,0,454000000
609,0,0.1875,0,598000000
610,0.005,0.195,0,454000000
611,0,0.1725,0,598000000
612,0.005,0.18,0,454000000
613,0,0.1575,0,598000000
614,0.005,0.165,0,454000000
615,0,0.1425,0,598000000
616,0.005,0.15,0,454000000
617,0,0.1275,0,598000000
618,0.005,0.135,0,454000000
619,0,0.1125,0,598000000
620,0.005,0.12,0,454000000
621,0,0.0975,0,598000000
622,0.005,0.105,0,454000000
623,0,0.0825,0,597000000
624,0.005,0.09,0,454000000
625,0,0.0675,0,597000000
626,0.005,0.075,0,454000000
627,0,0.0525,0,595000000
628,0.005,0.06,0,453000000
629,0,0.0375,0,592000000
630,0.005,0.045,0,454000000
631,0,0.0225,0,658000000
632,0.005,0.03,0,443000000
633,0,0.0075,0,871000000
634,0.005,0.015,0,460000000
635,0.005,0,0,388000000
636,0.01,0.0225,0,658000000
637,0.01,0.0075,0,871000000
638,0.01,0.0375,0,592000000
639,0.01,0.0525,0,595000000
640,0.01,0.0675,0,597000000
641,0.01,0.0825,0,597000000
642,0.01,0.0975,0,598000000
643,0.01,0.1125,0,598000000
644,0.01,0.1275,0,598000000
645,0.01,0.1425,0,598000000
646,0.01,0.1575,0,598000000
647,0.01,0.1725,0,598000000
648,0.01,0.1875,0,598000000
649,0.01,0.2025,0,598000000
650,0.01,0.2175,0,597000000
651,0.01,0.2325,0,597000000
652,0.01,0.2475,0,595000000
653,0.01,0.2625,0,592000000
654,0.01,0.2775,0,658000000
655,0.01,0.2925,0,871000000
656,0.01,0,-0.00625,823000000
657,0.01,0.3,-0.00625,823000000
658,0.01,0.0225,-0.05,658000000
659,0.01,0.0075,-0.05,871000000
660,0.01,0.0375,-0.05,592000000
661,0.01,0.0525,-0.05,595000000
662,0.01,0.0675,-0.05,597000000
663,0.01,0.0825,-0.05,597000000
664,0.01,0.0975,-0.05,598000000
665,0.01,0.1125,-0.05,598000000
666,0.01,0.1275,-0.05,598000000
667,0.01,0.1425,-0.05,598000000
668,0.01,0.1575,-0.05,598000000
669,0.01,0.1725,-0.05,598000000
670,0.01,0.1875,-0.05,598000000
671,0.01,0.2025,-0.05,598000000
672,0.01,0.2175,-0.05,597000000
673,0.01,0.2325,-0.05,597000000
674,0.01,0.2475,-0.05,595000000
675,0.01,0.2625,-0.05,592000000
676,0.01,0.2775,-0.05,658000000
677,0.01,0.2925,-0.05,871000000
678,0.01,0,-0.0438,823000000
679,0.01,0.3,-0.0438,823000000
680,0.01,0.3,-0.0313,431000000
681,0.01,0.3,-0.0188,431000000
682,0.01,0,-0.0313,431000000
683,0.01,0,-0.0188,431000000
