Elem,Elem Type,Node,,,,,,,,,,,,,,,,,,,
1,Hex20,57,181,183,207,58,143,142,120,402,655,657,403,407,595,552,406,401,598,596,553
2,Hex20,38,57,207,206,77,58,120,119,343,403,681,345,405,406,550,464,344,401,553,551
3,Hex20,19,38,206,205,96,77,119,118,284,345,680,287,463,464,547,502,285,344,551,549
4,Hex20,19,205,204,202,96,118,121,122,287,679,677,286,502,548,554,503,285,549,555,557
5,Hex20,56,180,181,57,59,144,143,58,400,654,402,398,410,597,407,404,399,600,598,401
6,Hex20,37,56,57,38,78,59,58,77,341,398,343,340,409,404,405,462,342,399,401,344
7,Hex20,18,37,38,19,97,78,77,96,281,340,284,280,466,462,463,501,282,342,344,285
8,Hex20,18,19,202,201,97,96,122,123,280,286,676,283,501,503,556,505,282,285,557,559
9,Hex20,55,179,180,56,60,145,144,59,397,653,400,395,413,599,410,408,396,602,600,399
10,Hex20,36,55,56,37,79,60,59,78,338,395,341,337,412,408,409,465,339,396,399,342
11,Hex20,17,36,37,18,98,79,78,97,277,337,281,276,468,465,466,504,278,339,342,282
12,Hex20,17,18,201,200,98,97,123,124,276,283,675,279,504,505,558,507,278,282,559,561
13,Hex20,54,178,179,55,61,146,145,60,394,652,397,392,416,601,413,411,393,604,602,396
14,Hex20,35,54,55,36,80,61,60,79,335,392,338,334,415,411,412,467,336,393,396,339
15,Hex20,16,35,36,17,99,80,79,98,273,334,277,272,470,467,468,506,274,336,339,278
16,Hex20,16,17,200,199,99,98,124,125,272,279,674,275,506,507,560,509,274,278,561,563
17,Hex20,53,177,178,54,62,147,146,61,391,651,394,389,419,603,416,414,390,606,604,393
18,Hex20,34,53,54,35,81,62,61,80,332,389,335,331,418,414,415,469,333,390,393,336
19,Hex20,15,34,35,16,100,81,80,99,269,331,273,268,472,469,470,508,270,333,336,274
20,Hex20,15,16,199,198,100,99,125,126,268,275,673,271,508,509,562,511,270,274,563,565
21,Hex20,52,176,177,53,63,148,147,62,388,650,391,386,422,605,419,417,387,608,606,390
22,Hex20,33,52,53,34,82,63,62,81,329,386,332,328,421,417,418,471,330,387,390,333
23,Hex20,14,33,34,15,101,82,81,100,265,328,269,264,474,471,472,510,266,330,333,270
24,Hex20,14,15,198,197,101,100,126,127,264,271,672,267,510,511,564,513,266,270,565,567
25,Hex20,51,175,176,52,64,149,148,63,385,649,388,383,425,607,422,420,384,610,608,387
26,Hex20,32,51,52,33,83,64,63,82,326,383,329,325,424,420,421,473,327,384,387,330
27,Hex20,13,32,33,14,102,83,82,101,261,325,265,260,476,473,474,512,262,327,330,266
28,Hex20,13,14,197,196,102,101,127,128,260,267,671,263,512,513,566,515,262,266,567,569
29,Hex20,50,174,175,51,65,150,149,64,382,648,385,380,428,609,425,423,381,612,610,384
30,Hex20,31,50,51,32,84,65,64,83,323,380,326,322,427,423,424,475,324,381,384,327
31,Hex20,12,31,32,13,103,84,83,102,257,322,261,256,478,475,476,514,258,324,327,262
32,Hex20,12,13,196,195,103,102,128,129,256,263,670,259,514,515,568,517,258,262,569,571
33,Hex20,49,173,174,50,66,151,150,65,379,647,382,377,431,611,428,426,378,614,612,381
34,Hex20,30,49,50,31,85,66,65,84,320,377,323,319,430,426,427,477,321,378,381,324
35,Hex20,11,30,31,12,104,85,84,103,253,319,257,252,480,477,478,516,254,321,324,258
36,Hex20,11,12,195,194,104,103,129,130,252,259,669,255,516,517,570,519,254,258,571,573
37,Hex20,48,172,173,49,67,152,151,66,376,646,379,374,434,613,431,429,375,616,614,378
38,Hex20,29,48,49,30,86,67,66,85,317,374,320,316,433,429,430,479,318,375,378,321
39,Hex20,10,29,30,11,105,86,85,104,249,316,253,248,482,479,480,518,250,318,321,254
40,Hex20,10,11,194,193,105,104,130,131,248,255,668,251,518,519,572,521,250,254,573,575
41,Hex20,47,171,172,48,68,153,152,67,373,645,376,371,437,615,434,432,372,618,616,375
42,Hex20,28,47,48,29,87,68,67,86,314,371,317,313,436,432,433,481,315,372,375,318
43,Hex20,9,28,29,10,106,87,86,105,245,313,249,244,484,481,482,520,246,315,318,250
44,Hex20,9,10,193,192,106,105,131,132,244,251,667,247,520,521,574,523,246,250,575,577
45,Hex20,46,170,171,47,69,154,153,68,370,644,373,368,440,617,437,435,369,620,618,372
46,Hex20,27,46,47,28,88,69,68,87,311,368,314,310,439,435,436,483,312,369,372,315
47,Hex20,8,27,28,9,107,88,87,106,241,310,245,240,486,483,484,522,242,312,315,246
48,Hex20,8,9,192,191,107,106,132,133,240,247,666,243,522,523,576,525,242,246,577,579
49,Hex20,45,169,170,46,70,155,154,69,367,643,370,365,443,619,440,438,366,622,620,369
50,Hex20,26,45,46,27,89,70,69,88,308,365,311,307,442,438,439,485,309,366,369,312
51,Hex20,7,26,27,8,108,89,88,107,237,307,241,236,488,485,486,524,238,309,312,242
52,Hex20,7,8,191,190,108,107,133,134,236,243,665,239,524,525,578,527,238,242,579,581
53,Hex20,44,168,169,45,71,156,155,70,364,642,367,362,446,621,443,441,363,624,622,366
54,Hex20,25,44,45,26,90,71,70,89,305,362,308,304,445,441,442,487,306,363,366,309
55,Hex20,6,25,26,7,109,90,89,108,233,304,237,232,490,487,488,526,234,306,309,238
56,Hex20,6,7,190,189,109,108,134,135,232,239,664,235,526,527,580,529,234,238,581,583
57,Hex20,43,167,168,44,72,157,156,71,361,641,364,359,449,623,446,444,360,626,624,363
58,Hex20,24,43,44,25,91,72,71,90,302,359,305,301,448,444,445,489,303,360,363,306
59,Hex20,5,24,25,6,110,91,90,109,229,301,233,228,492,489,490,528,230,303,306,234
60,Hex20,5,6,189,188,110,109,135,136,228,235,663,231,528,529,582,531,230,234,583,585
61,Hex20,42,166,167,43,73,158,157,72,358,640,361,356,452,625,449,447,357,628,626,360
62,Hex20,23,42,43,24,92,73,72,91,299,356,302,298,451,447,448,491,300,357,360,303
63,Hex20,4,23,24,5,111,92,91,110,225,298,229,224,494,491,492,530,226,300,303,230
64,Hex20,4,5,188,187,111,110,136,137,224,231,662,227,530,531,584,533,226,230,585,587
65,Hex20,41,165,166,42,74,159,158,73,355,639,358,353,455,627,452,450,354,630,628,357
66,Hex20,22,41,42,23,93,74,73,92,296,353,299,295,454,450,451,493,297,354,357,300
67,Hex20,3,22,23,4,112,93,92,111,221,295,225,220,496,493,494,532,222,297,300,226
68,Hex20,3,4,187,186,112,111,137,138,220,227,661,223,532,533,586,535,222,226,587,589
69,Hex20,40,164,165,41,75,160,159,74,352,638,355,350,458,629,455,453,351,632,630,354
70,Hex20,21,40,41,22,94,75,74,93,293,350,296,292,457,453,454,495,294,351,354,297
71,Hex20,2,21,22,3,113,94,93,112,217,292,221,216,498,495,496,534,218,294,297,222
72,Hex20,2,3,186,185,113,112,138,139,216,223,660,219,534,535,588,537,218,222,589,591
73,Hex20,39,163,164,40,76,161,160,75,348,636,352,346,461,631,458,456,347,634,632,351
74,Hex20,20,39,40,21,95,76,75,94,289,346,293,288,459,456,457,497,290,347,351,294
75,Hex20,1,20,21,2,114,95,94,113,212,288,217,211,499,497,498,536,213,290,294,218
76,Hex20,1,2,185,184,114,113,139,140,211,219,658,214,536,537,590,539,213,218,591,593
77,Hex20,39,210,182,163,76,117,162,161,349,656,637,348,460,545,633,461,347,546,635,634
78,Hex20,20,209,210,39,95,116,117,76,291,683,349,289,500,543,460,459,290,544,546,347
79,Hex20,1,208,209,20,114,115,116,95,215,682,291,212,538,540,500,499,213,542,544,290
80,Hex20,1,184,203,208,114,140,141,115,214,659,678,215,539,592,541,538,213,593,594,542
