1,0.025,0.005,0,1546000000
2,0.02,0.005,0,1079300000
3,0.015,0.005,0,882260000
4,0.01,0.005,0,1079300000
5,0.005,0.005,0,1546000000
6,0.025,0.01,0,1590000000
7,0.02,0.01,0,1455400000
8,0.015,0.01,0,1434300000
9,0.01,0.01,0,1455400000
10,0.005,0.01,0,1590000000
11,0.025,0.015,0,1803400000
12,0.02,0.015,0,1676700000
13,0.015,0.015,0,1670900000
14,0.01,0.015,0,1676700000
15,0.005,0.015,0,1803400000
16,0.025,0.02,0,1919300000
17,0.02,0.02,0,1799400000
18,0.015,0.02,0,1796700000
19,0.01,0.02,0,1799400000
20,0.005,0.02,0,1919300000
21,0.025,0.025,0,1984800000
22,0.02,0.025,0,1861400000
23,0.015,0.025,0,1856600000
24,0.01,0.025,0,1861400000
25,0.005,0.025,0,1984800000
26,0.025,0.03,0,2019000000
27,0.02,0.03,0,1893500000
28,0.015,0.03,0,1887300000
29,0.01,0.03,0,1893500000
30,0.005,0.03,0,2019000000
31,0.025,0.035,0,2036900000
32,0.02,0.035,0,1909800000
33,0.015,0.035,0,1902500000
34,0.01,0.035,0,1909800000
35,0.005,0.035,0,2036900000
36,0.025,0.04,0,2046200000
37,0.02,0.04,0,1918100000
38,0.015,0.04,0,1910300000
39,0.01,0.04,0,1918100000
40,0.005,0.04,0,2046200000
41,0.025,0.045,0,2051100000
42,0.02,0.045,0,1922500000
43,0.015,0.045,0,1914300000
44,0.01,0.045,0,1922500000
45,0.005,0.045,0,2051100000
46,0.025,0.05,0,2053900000
47,0.02,0.05,0,1925000000
48,0.015,0.05,0,1916700000
49,0.01,0.05,0,1925000000
50,0.005,0.05,0,2053900000
51,0.025,0.055,0,2055700000
52,0.02,0.055,0,1926800000
53,0.015,0.055,0,1918500000
54,0.01,0.055,0,1926800000
55,0.005,0.055,0,2055700000
56,0.025,0.06,0,2057500000
57,0.02,0.06,0,1928900000
58,0.015,0.06,0,1920600000
59,0.01,0.06,0,1928900000
60,0.005,0.06,0,2057500000
61,0.025,0.065,0,2059900000
62,0.02,0.065,0,1932100000
63,0.015,0.065,0,1924300000
64,0.01,0.065,0,1932100000
65,0.005,0.065,0,2059900000
66,0.025,0.07,0,2063400000
67,0.02,0.07,0,1938100000
68,0.015,0.07,0,1931700000
69,0.01,0.07,0,1938100000
70,0.005,0.07,0,2063400000
71,0.025,0.075,0,2068300000
72,0.02,0.075,0,1950000000
73,0.015,0.075,0,1947100000
74,0.01,0.075,0,1950000000
75,0.005,0.075,0,2068300000
76,0.025,0.08,0,2073800000
77,0.02,0.08,0,1973700000
78,0.015,0.08,0,1980400000
79,0.01,0.08,0,1973700000
80,0.005,0.08,0,2073800000
81,0.025,0.085,0,2076400000
82,0.02,0.085,0,2022500000
83,0.015,0.085,0,2052800000
84,0.01,0.085,0,2022500000
85,0.005,0.085,0,2076400000
86,0.025,0.09,0,2067900000
87,0.02,0.09,0,2139500000
88,0.015,0.09,0,2215800000
89,0.01,0.09,0,2139500000
90,0.005,0.09,0,2067900000
91,0.025,0.095,0,2164200000
92,0.02,0.095,0,2547600000
93,0.015,0.095,0,2700800000
94,0.01,0.095,0,2547600000
95,0.005,0.095,0,2164200000
96,0.005,0.095,0.005,2164200000
97,0.01,0.095,0.005,2547600000
98,0.015,0.095,0.005,2700800000
99,0.02,0.095,0.005,2547600000
100,0.025,0.095,0.005,2164200000
101,0.005,0.09,0.005,2067900000
102,0.01,0.09,0.005,2139500000
103,0.015,0.09,0.005,2215800000
104,0.02,0.09,0.005,2139500000
105,0.025,0.09,0.005,2067900000
106,0.005,0.085,0.005,2076400000
107,0.01,0.085,0.005,2022500000
108,0.015,0.085,0.005,2052800000
109,0.02,0.085,0.005,2022500000
110,0.025,0.085,0.005,2076400000
111,0.005,0.08,0.005,2073800000
112,0.01,0.08,0.005,1973700000
113,0.015,0.08,0.005,1980400000
114,0.02,0.08,0.005,1973700000
115,0.025,0.08,0.005,2073800000
116,0.005,0.075,0.005,2068300000
117,0.01,0.075,0.005,1950000000
118,0.015,0.075,0.005,1947100000
119,0.02,0.075,0.005,1950000000
120,0.025,0.075,0.005,2068300000
121,0.005,0.07,0.005,2063400000
122,0.01,0.07,0.005,1938100000
123,0.015,0.07,0.005,1931700000
124,0.02,0.07,0.005,1938100000
125,0.025,0.07,0.005,2063400000
126,0.005,0.065,0.005,2059900000
127,0.01,0.065,0.005,1932100000
128,0.015,0.065,0.005,1924300000
129,0.02,0.065,0.005,1932100000
130,0.025,0.065,0.005,2059900000
131,0.005,0.06,0.005,2057500000
132,0.01,0.06,0.005,1928900000
133,0.015,0.06,0.005,1920600000
134,0.02,0.06,0.005,1928900000
135,0.025,0.06,0.005,2057500000
136,0.005,0.055,0.005,2055700000
137,0.01,0.055,0.005,1926800000
138,0.015,0.055,0.005,1918500000
139,0.02,0.055,0.005,1926800000
140,0.025,0.055,0.005,2055700000
141,0.005,0.05,0.005,2053900000
142,0.01,0.05,0.005,1925000000
143,0.015,0.05,0.005,1916700000
144,0.02,0.05,0.005,1925000000
145,0.025,0.05,0.005,2053900000
146,0.005,0.045,0.005,2051100000
147,0.01,0.045,0.005,1922500000
148,0.015,0.045,0.005,1914300000
149,0.02,0.045,0.005,1922500000
150,0.025,0.045,0.005,2051100000
151,0.005,0.04,0.005,2046200000
152,0.01,0.04,0.005,1918100000
153,0.015,0.04,0.005,1910300000
154,0.02,0.04,0.005,1918100000
155,0.025,0.04,0.005,2046200000
156,0.005,0.035,0.005,2036900000
157,0.01,0.035,0.005,1909800000
158,0.015,0.035,0.005,1902500000
159,0.02,0.035,0.005,1909800000
160,0.025,0.035,0.005,2036900000
161,0.005,0.03,0.005,2019000000
162,0.01,0.03,0.005,1893500000
163,0.015,0.03,0.005,1887300000
164,0.02,0.03,0.005,1893500000
165,0.025,0.03,0.005,2019000000
166,0.005,0.025,0.005,1984800000
167,0.01,0.025,0.005,1861400000
168,0.015,0.025,0.005,1856600000
169,0.02,0.025,0.005,1861400000
170,0.025,0.025,0.005,1984800000
171,0.005,0.02,0.005,1919300000
172,0.01,0.02,0.005,1799400000
173,0.015,0.02,0.005,1796700000
174,0.02,0.02,0.005,1799400000
175,0.025,0.02,0.005,1919300000
176,0.005,0.015,0.005,1803400000
177,0.01,0.015,0.005,1676700000
178,0.015,0.015,0.005,1670900000
179,0.02,0.015,0.005,1676700000
180,0.025,0.015,0.005,1803400000
181,0.005,0.01,0.005,1590000000
182,0.01,0.01,0.005,1455400000
183,0.015,0.01,0.005,1434300000
184,0.02,0.01,0.005,1455400000
185,0.025,0.01,0.005,1590000000
186,0.005,0.005,0.005,1546000000
187,0.01,0.005,0.005,1079300000
188,0.015,0.005,0.005,882260000
189,0.02,0.005,0.005,1079300000
190,0.025,0.005,0.005,1546000000
191,0.025,0,0.005,1382800000
192,0.02,0,0.005,711800000
193,0.015,0,0.005,388280000
194,0.01,0,0.005,711800000
195,0.005,0,0.005,1382800000
196,0.005,0.1,0.005,1096300000
197,0.01,0.1,0.005,1484600000
198,0.015,0.1,0.005,1537300000
199,0.02,0.1,0.005,1484600000
200,0.025,0.1,0.005,1096300000
201,0,0.1,0.005,576460000
202,0,0.095,0.005,801410000
203,0,0.09,0.005,908330000
204,0,0.085,0.005,942350000
205,0,0.08,0.005,954830000
206,0,0.075,0.005,958500000
207,0,0.07,0.005,959430000
208,0,0.065,0.005,959470000
209,0,0.06,0.005,959270000
210,0,0.055,0.005,959000000
211,0,0.05,0.005,958630000
212,0,0.045,0.005,958050000
213,0,0.04,0.005,957020000
214,0,0.035,0.005,955160000
215,0,0.03,0.005,951970000
216,0,0.025,0.005,947580000
217,0,0.02,0.005,943830000
218,0,0.015,0.005,969350000
219,0,0.01,0.005,1042800000
220,0,0.005,0.005,1722300000
221,0,0,0.005,1765900000
222,0.03,0.1,0.005,576460000
223,0.03,0.095,0.005,801410000
224,0.03,0.09,0.005,908330000
225,0.03,0.085,0.005,942350000
226,0.03,0.08,0.005,954830000
227,0.03,0.075,0.005,958500000
228,0.03,0.07,0.005,959430000
229,0.03,0.065,0.005,959470000
230,0.03,0.06,0.005,959270000
231,0.03,0.055,0.005,959000000
232,0.03,0.05,0.005,958630000
233,0.03,0.045,0.005,958050000
234,0.03,0.04,0.005,957020000
235,0.03,0.035,0.005,955160000
236,0.03,0.03,0.005,951970000
237,0.03,0.025,0.005,947580000
238,0.03,0.02,0.005,943830000
239,0.03,0.015,0.005,969350000
240,0.03,0.01,0.005,1042800000
241,0.03,0.005,0.005,1722300000
242,0.03,0,0.005,1765900000
243,0.03,0.005,0,1722300000
244,0.03,0.01,0,1042800000
245,0.03,0.015,0,969350000
246,0.03,0.02,0,943830000
247,0.03,0.025,0,947580000
248,0.03,0.03,0,951970000
249,0.03,0.035,0,955160000
250,0.03,0.04,0,957020000
251,0.03,0.045,0,958050000
252,0.03,0.05,0,958630000
253,0.03,0.055,0,959000000
254,0.03,0.06,0,959270000
255,0.03,0.065,0,959470000
256,0.03,0.07,0,959430000
257,0.03,0.075,0,958500000
258,0.03,0.08,0,954830000
259,0.03,0.085,0,942350000
260,0.03,0.09,0,908330000
261,0.03,0.095,0,801410000
262,0.03,0,0,1765900000
263,0.03,0.1,0,576460000
264,0,0.005,0,1722300000
265,0,0.01,0,1042800000
266,0,0.015,0,969350000
267,0,0.02,0,943830000
268,0,0.025,0,947580000
269,0,0.03,0,951970000
270,0,0.035,0,955160000
271,0,0.04,0,957020000
272,0,0.045,0,958050000
273,0,0.05,0,958630000
274,0,0.055,0,959000000
275,0,0.06,0,959270000
276,0,0.065,0,959470000
277,0,0.07,0,959430000
278,0,0.075,0,958500000
279,0,0.08,0,954830000
280,0,0.085,0,942350000
281,0,0.09,0,908330000
282,0,0.095,0,801410000
283,0,0,0,1765900000
284,0,0.1,0,576460000
285,0.005,0.1,0,1096300000
286,0.01,0.1,0,1484600000
287,0.015,0.1,0,1537300000
288,0.02,0.1,0,1484600000
289,0.025,0.1,0,1096300000
290,0.025,0,0,1382800000
291,0.02,0,0,711800000
292,0.015,0,0,388280000
293,0.01,0,0,711800000
294,0.005,0,0,1382800000
295,0.0225,0.005,0,1298400000
296,0.025,0.0075,0,1501700000
297,0.025,0.005,0.0025,153430000
298,0.0275,0.005,0,1564800000
299,0.025,0.0025,0,1418600000
300,0.0175,0.005,0,936020000
301,0.02,0.0075,0,1233600000
302,0.02,0.005,0.0025,211020000
303,0.02,0.0025,0,874500000
304,0.0125,0.005,0,936020000
305,0.015,0.0075,0,1154600000
306,0.015,0.005,0.0025,202830000
307,0.015,0.0025,0,635190000
308,0.0075,0.005,0,1298400000
309,0.01,0.0075,0,1233600000
310,0.01,0.005,0.0025,211020000
311,0.01,0.0025,0,874500000
312,0.005,0.0075,0,1501700000
313,0.005,0.005,0.0025,153430000
314,0.0025,0.005,0,1564800000
315,0.005,0.0025,0,1418600000
316,0.0225,0.01,0,1518200000
317,0.025,0.0125,0,1691600000
318,0.025,0.01,0.0025,50613000
319,0.0275,0.01,0,1174000000
320,0.0175,0.01,0,1440000000
321,0.02,0.0125,0,1564600000
322,0.02,0.01,0.0025,100300000
323,0.0125,0.01,0,1440000000
324,0.015,0.0125,0,1552300000
325,0.015,0.01,0.0025,99373000
326,0.0075,0.01,0,1518200000
327,0.01,0.0125,0,1564600000
328,0.01,0.01,0.0025,100300000
329,0.005,0.0125,0,1691600000
330,0.005,0.01,0.0025,50613000
331,0.0025,0.01,0,1174000000
332,0.0225,0.015,0,1738700000
333,0.025,0.0175,0,1859700000
334,0.025,0.015,0.0025,24663000
335,0.0275,0.015,0,1222000000
336,0.0175,0.015,0,1672400000
337,0.02,0.0175,0,1737500000
338,0.02,0.015,0.0025,48280000
339,0.0125,0.015,0,1672400000
340,0.015,0.0175,0,1733800000
341,0.015,0.015,0.0025,52389000
342,0.0075,0.015,0,1738700000
343,0.01,0.0175,0,1737500000
344,0.01,0.015,0.0025,48280000
345,0.005,0.0175,0,1859700000
346,0.005,0.015,0.0025,24663000
347,0.0025,0.015,0,1222000000
348,0.0225,0.02,0,1858800000
349,0.025,0.0225,0,1951800000
350,0.025,0.02,0.0025,49317000
351,0.0275,0.02,0,1264500000
352,0.0175,0.02,0,1797800000
353,0.02,0.0225,0,1830300000
354,0.02,0.02,0.0025,24029000
355,0.0125,0.02,0,1797800000
356,0.015,0.0225,0,1826700000
357,0.015,0.02,0.0025,26768000
358,0.0075,0.02,0,1858800000
359,0.01,0.0225,0,1830300000
360,0.01,0.02,0.0025,24029000
361,0.005,0.0225,0,1951800000
362,0.005,0.02,0.0025,49317000
363,0.0025,0.02,0,1264500000
364,0.0225,0.025,0,1922700000
365,0.025,0.0275,0,2001800000
366,0.025,0.025,0.0025,64085000
367,0.0275,0.025,0,1296300000
368,0.0175,0.025,0,1858900000
369,0.02,0.0275,0,1877400000
370,0.02,0.025,0.0025,11137000
371,0.0125,0.025,0,1858900000
372,0.015,0.0275,0,1871900000
373,0.015,0.025,0.0025,13771000
374,0.0075,0.025,0,1922700000
375,0.01,0.0275,0,1877400000
376,0.01,0.025,0.0025,11137000
377,0.005,0.0275,0,2001800000
378,0.005,0.025,0.0025,64085000
379,0.0025,0.025,0,1296300000
380,0.0225,0.03,0,1956000000
381,0.025,0.0325,0,2028000000
382,0.025,0.03,0.0025,71510000
383,0.0275,0.03,0,1314500000
384,0.0175,0.03,0,1890400000
385,0.02,0.0325,0,1901600000
386,0.02,0.03,0.0025,5672400
387,0.0125,0.03,0,1890400000
388,0.015,0.0325,0,1894900000
389,0.015,0.03,0.0025,7059800
390,0.0075,0.03,0,1956000000
391,0.01,0.0325,0,1901600000
392,0.01,0.03,0.0025,5672400
393,0.005,0.0325,0,2028000000
394,0.005,0.03,0.0025,71510000
395,0.0025,0.03,0,1314500000
396,0.0225,0.035,0,1973000000
397,0.025,0.0375,0,2041600000
398,0.025,0.035,0.0025,75415000
399,0.0275,0.035,0,1324300000
400,0.0175,0.035,0,1906100000
401,0.02,0.0375,0,1913900000
402,0.02,0.035,0.0025,4424300
403,0.0125,0.035,0,1906100000
404,0.015,0.0375,0,1906400000
405,0.015,0.035,0.0025,3619000
406,0.0075,0.035,0,1973000000
407,0.01,0.0375,0,1913900000
408,0.01,0.035,0.0025,4424300
409,0.005,0.0375,0,2041600000
410,0.005,0.035,0.0025,75415000
411,0.0025,0.035,0,1324300000
412,0.0225,0.04,0,1981900000
413,0.025,0.0425,0,2048700000
414,0.025,0.04,0.0025,77415000
415,0.0275,0.04,0,1329400000
416,0.0175,0.04,0,1914200000
417,0.02,0.0425,0,1920300000
418,0.02,0.04,0.0025,4765800
419,0.0125,0.04,0,1914200000
420,0.015,0.0425,0,1912300000
421,0.015,0.04,0.0025,1874900
422,0.0075,0.04,0,1981900000
423,0.01,0.0425,0,1920300000
424,0.01,0.04,0.0025,4765800
425,0.005,0.0425,0,2048700000
426,0.005,0.04,0.0025,77415000
427,0.0025,0.04,0,1329400000
428,0.0225,0.045,0,1986500000
429,0.025,0.0475,0,2052500000
430,0.025,0.045,0.0025,78470000
431,0.0275,0.045,0,1332200000
432,0.0175,0.045,0,1918400000
433,0.02,0.0475,0,1923700000
434,0.02,0.045,0.0025,5187200
435,0.0125,0.045,0,1918400000
436,0.015,0.0475,0,1915500000
437,0.015,0.045,0.0025,1009400
438,0.0075,0.045,0,1986500000
439,0.01,0.0475,0,1923700000
440,0.01,0.045,0.0025,5187200
441,0.005,0.0475,0,2052500000
442,0.005,0.045,0.0025,78470000
443,0.0025,0.045,0,1332200000
444,0.0225,0.05,0,1989100000
445,0.025,0.0525,0,2054800000
446,0.025,0.05,0.0025,79063000
447,0.0275,0.05,0,1333700000
448,0.0175,0.05,0,1920800000
449,0.02,0.0525,0,1925900000
450,0.02,0.05,0.0025,5480300
451,0.0125,0.05,0,1920800000
452,0.015,0.0525,0,1917600000
453,0.015,0.05,0.0025,617490
454,0.0075,0.05,0,1989100000
455,0.01,0.0525,0,1925900000
456,0.01,0.05,0.0025,5480300
457,0.005,0.0525,0,2054800000
458,0.005,0.05,0.0025,79063000
459,0.0025,0.05,0,1333700000
460,0.0225,0.055,0,1991000000
461,0.025,0.0575,0,2056600000
462,0.025,0.055,0.0025,79465000
463,0.0275,0.055,0,1334800000
464,0.0175,0.055,0,1922600000
465,0.02,0.0575,0,1927800000
466,0.02,0.055,0.0025,5694700
467,0.0125,0.055,0,1922600000
468,0.015,0.0575,0,1919500000
469,0.015,0.055,0.0025,507650
470,0.0075,0.055,0,1991000000
471,0.01,0.0575,0,1927800000
472,0.01,0.055,0.0025,5694700
473,0.005,0.0575,0,2056600000
474,0.005,0.055,0.0025,79465000
475,0.0025,0.055,0,1334800000
476,0.0225,0.06,0,1992900000
477,0.025,0.0625,0,2058700000
478,0.025,0.06,0.0025,79847000
479,0.0275,0.06,0,1335800000
480,0.0175,0.06,0,1924700000
481,0.02,0.0625,0,1930500000
482,0.02,0.06,0.0025,5904300
483,0.0125,0.06,0,1924700000
484,0.015,0.0625,0,1922500000
485,0.015,0.06,0.0025,611770
486,0.0075,0.06,0,1992900000
487,0.01,0.0625,0,1930500000
488,0.01,0.06,0.0025,5904300
489,0.005,0.0625,0,2058700000
490,0.005,0.06,0.0025,79847000
491,0.0025,0.06,0,1335800000
492,0.0225,0.065,0,1995700000
493,0.025,0.0675,0,2061600000
494,0.025,0.065,0.0025,80344000
495,0.0275,0.065,0,1337000000
496,0.0175,0.065,0,1928200000
497,0.02,0.0675,0,1935100000
498,0.02,0.065,0.0025,6181000
499,0.0125,0.065,0,1928200000
500,0.015,0.0675,0,1928000000
501,0.015,0.065,0.0025,936970
502,0.0075,0.065,0,1995700000
503,0.01,0.0675,0,1935100000
504,0.01,0.065,0.0025,6181000
505,0.005,0.0675,0,2061600000
506,0.005,0.065,0.0025,80344000
507,0.0025,0.065,0,1337000000
508,0.0225,0.07,0,2000400000
509,0.025,0.0725,0,2065800000
510,0.025,0.07,0.0025,81067000
511,0.0275,0.07,0,1338700000
512,0.0175,0.07,0,1934900000
513,0.02,0.0725,0,1944000000
514,0.02,0.07,0.0025,6593900
515,0.0125,0.07,0,1934900000
516,0.015,0.0725,0,1939400000
517,0.015,0.07,0.0025,1532100
518,0.0075,0.07,0,2000400000
519,0.01,0.0725,0,1944000000
520,0.01,0.07,0.0025,6593900
521,0.005,0.0725,0,2065800000
522,0.005,0.07,0.0025,81067000
523,0.0025,0.07,0,1338700000
524,0.0225,0.075,0,2008800000
525,0.025,0.0775,0,2071000000
526,0.025,0.075,0.0025,82073000
527,0.0275,0.075,0,1340800000
528,0.0175,0.075,0,1948500000
529,0.02,0.0775,0,1961800000
530,0.02,0.075,0.0025,7172900
531,0.0125,0.075,0,1948500000
532,0.015,0.0775,0,1963800000
533,0.015,0.075,0.0025,2398100
534,0.0075,0.075,0,2008800000
535,0.01,0.0775,0,1961800000
536,0.01,0.075,0.0025,7172900
537,0.005,0.0775,0,2071000000
538,0.005,0.075,0.0025,82073000
539,0.0025,0.075,0,1340800000
540,0.0225,0.08,0,2023400000
541,0.025,0.0825,0,2074900000
542,0.025,0.08,0.0025,83065000
543,0.0275,0.08,0,1342400000
544,0.0175,0.08,0,1977000000
545,0.02,0.0825,0,1998000000
546,0.02,0.08,0.0025,7648600
547,0.0125,0.08,0,1977000000
548,0.015,0.0825,0,2016600000
549,0.015,0.08,0.0025,3355500
550,0.0075,0.08,0,2023400000
551,0.01,0.0825,0,1998000000
552,0.01,0.08,0.0025,7648600
553,0.005,0.0825,0,2074900000
554,0.005,0.08,0.0025,83065000
555,0.0025,0.08,0,1342400000
556,0.0225,0.085,0,2049100000
557,0.025,0.0875,0,2071400000
558,0.025,0.085,0.0025,83250000
559,0.0275,0.085,0,1339300000
560,0.0175,0.085,0,2037200000
561,0.02,0.0875,0,2080400000
562,0.02,0.085,0.0025,7431100
563,0.0125,0.085,0,2037200000
564,0.015,0.0875,0,2134300000
565,0.015,0.085,0.0025,3115100
566,0.0075,0.085,0,2049100000
567,0.01,0.0875,0,2080400000
568,0.01,0.085,0.0025,7431100
569,0.005,0.0875,0,2071400000
570,0.005,0.085,0.0025,83250000
571,0.0025,0.085,0,1339300000
572,0.0225,0.09,0,2103200000
573,0.025,0.0925,0,2109900000
574,0.025,0.09,0.0025,80304000
575,0.0275,0.09,0,1327100000
576,0.0175,0.09,0,2175600000
577,0.02,0.0925,0,2341400000
578,0.02,0.09,0.0025,13124000
579,0.0125,0.09,0,2175600000
580,0.015,0.0925,0,2458000000
581,0.015,0.09,0.0025,4169700
582,0.0075,0.09,0,2103200000
583,0.01,0.0925,0,2341400000
584,0.01,0.09,0.0025,13124000
585,0.005,0.0925,0,2109900000
586,0.005,0.09,0.0025,80304000
587,0.0025,0.09,0,1327100000
588,0.0225,0.095,0,2353700000
589,0.025,0.095,0.0025,141110000
590,0.0275,0.095,0,1342400000
591,0.025,0.0975,0,1478100000
592,0.0175,0.095,0,2615100000
593,0.02,0.095,0.0025,104500000
594,0.02,0.0975,0,1790400000
595,0.0125,0.095,0,2615100000
596,0.015,0.095,0.0025,84580000
597,0.015,0.0975,0,1873800000
598,0.0075,0.095,0,2353700000
599,0.01,0.095,0.0025,104500000
600,0.01,0.0975,0,1790400000
601,0.005,0.095,0.0025,141110000
602,0.0025,0.095,0,1342400000
603,0.005,0.0975,0,1478100000
604,0.0075,0.095,0.005,2353700000
605,0.005,0.0925,0.005,2109900000
606,0.005,0.0975,0.005,1478100000
607,0.0025,0.095,0.005,1342400000
608,0.0125,0.095,0.005,2615100000
609,0.01,0.0925,0.005,2341400000
610,0.01,0.0975,0.005,1790400000
611,0.0175,0.095,0.005,2615100000
612,0.015,0.0925,0.005,2458000000
613,0.015,0.0975,0.005,1873800000
614,0.0225,0.095,0.005,2353700000
615,0.02,0.0925,0.005,2341400000
616,0.02,0.0975,0.005,1790400000
617,0.025,0.0925,0.005,2109900000
618,0.025,0.0975,0.005,1478100000
619,0.0275,0.095,0.005,1342400000
620,0.0075,0.09,0.005,2103200000
621,0.005,0.0875,0.005,2071400000
622,0.0025,0.09,0.005,1327100000
623,0.0125,0.09,0.005,2175600000
624,0.01,0.0875,0.005,2080400000
625,0.0175,0.09,0.005,2175600000
626,0.015,0.0875,0.005,2134300000
627,0.0225,0.09,0.005,2103200000
628,0.02,0.0875,0.005,2080400000
629,0.025,0.0875,0.005,2071400000
630,0.0275,0.09,0.005,1327100000
631,0.0075,0.085,0.005,2049100000
632,0.005,0.0825,0.005,2074900000
633,0.0025,0.085,0.005,1339300000
634,0.0125,0.085,0.005,2037200000
635,0.01,0.0825,0.005,1998000000
636,0.0175,0.085,0.005,2037200000
637,0.015,0.0825,0.005,2016600000
638,0.0225,0.085,0.005,2049100000
639,0.02,0.0825,0.005,1998000000
640,0.025,0.0825,0.005,2074900000
641,0.0275,0.085,0.005,1339300000
642,0.0075,0.08,0.005,2023400000
643,0.005,0.0775,0.005,2071000000
644,0.0025,0.08,0.005,1342400000
645,0.0125,0.08,0.005,1977000000
646,0.01,0.0775,0.005,1961800000
647,0.0175,0.08,0.005,1977000000
648,0.015,0.0775,0.005,1963800000
649,0.0225,0.08,0.005,2023400000
650,0.02,0.0775,0.005,1961800000
651,0.025,0.0775,0.005,2071000000
652,0.0275,0.08,0.005,1342400000
653,0.0075,0.075,0.005,2008800000
654,0.005,0.0725,0.005,2065800000
655,0.0025,0.075,0.005,1340800000
656,0.0125,0.075,0.005,1948500000
657,0.01,0.0725,0.005,1944000000
658,0.0175,0.075,0.005,1948500000
659,0.015,0.0725,0.005,1939400000
660,0.0225,0.075,0.005,2008800000
661,0.02,0.0725,0.005,1944000000
662,0.025,0.0725,0.005,2065800000
663,0.0275,0.075,0.005,1340800000
664,0.0075,0.07,0.005,2000400000
665,0.005,0.0675,0.005,2061600000
666,0.0025,0.07,0.005,1338700000
667,0.0125,0.07,0.005,1934900000
668,0.01,0.0675,0.005,1935100000
669,0.0175,0.07,0.005,1934900000
670,0.015,0.0675,0.005,1928000000
671,0.0225,0.07,0.005,2000400000
672,0.02,0.0675,0.005,1935100000
673,0.025,0.0675,0.005,2061600000
674,0.0275,0.07,0.005,1338700000
675,0.0075,0.065,0.005,1995700000
676,0.005,0.0625,0.005,2058700000
677,0.0025,0.065,0.005,1337000000
678,0.0125,0.065,0.005,1928200000
679,0.01,0.0625,0.005,1930500000
680,0.0175,0.065,0.005,1928200000
681,0.015,0.0625,0.005,1922500000
682,0.0225,0.065,0.005,1995700000
683,0.02,0.0625,0.005,1930500000
684,0.025,0.0625,0.005,2058700000
685,0.0275,0.065,0.005,1337000000
686,0.0075,0.06,0.005,1992900000
687,0.005,0.0575,0.005,2056600000
688,0.0025,0.06,0.005,1335800000
689,0.0125,0.06,0.005,1924700000
690,0.01,0.0575,0.005,1927800000
691,0.0175,0.06,0.005,1924700000
692,0.015,0.0575,0.005,1919500000
693,0.0225,0.06,0.005,1992900000
694,0.02,0.0575,0.005,1927800000
695,0.025,0.0575,0.005,2056600000
696,0.0275,0.06,0.005,1335800000
697,0.0075,0.055,0.005,1991000000
698,0.005,0.0525,0.005,2054800000
699,0.0025,0.055,0.005,1334800000
700,0.0125,0.055,0.005,1922600000
701,0.01,0.0525,0.005,1925900000
702,0.0175,0.055,0.005,1922600000
703,0.015,0.0525,0.005,1917600000
704,0.0225,0.055,0.005,1991000000
705,0.02,0.0525,0.005,1925900000
706,0.025,0.0525,0.005,2054800000
707,0.0275,0.055,0.005,1334800000
708,0.0075,0.05,0.005,1989100000
709,0.005,0.0475,0.005,2052500000
710,0.0025,0.05,0.005,1333700000
711,0.0125,0.05,0.005,1920800000
712,0.01,0.0475,0.005,1923700000
713,0.0175,0.05,0.005,1920800000
714,0.015,0.0475,0.005,1915500000
715,0.0225,0.05,0.005,1989100000
716,0.02,0.0475,0.005,1923700000
717,0.025,0.0475,0.005,2052500000
718,0.0275,0.05,0.005,1333700000
719,0.0075,0.045,0.005,1986500000
720,0.005,0.0425,0.005,2048700000
721,0.0025,0.045,0.005,1332200000
722,0.0125,0.045,0.005,1918400000
723,0.01,0.0425,0.005,1920300000
724,0.0175,0.045,0.005,1918400000
725,0.015,0.0425,0.005,1912300000
726,0.0225,0.045,0.005,1986500000
727,0.02,0.0425,0.005,1920300000
728,0.025,0.0425,0.005,2048700000
729,0.0275,0.045,0.005,1332200000
730,0.0075,0.04,0.005,1981900000
731,0.005,0.0375,0.005,2041600000
732,0.0025,0.04,0.005,1329400000
733,0.0125,0.04,0.005,1914200000
734,0.01,0.0375,0.005,1913900000
735,0.0175,0.04,0.005,1914200000
736,0.015,0.0375,0.005,1906400000
737,0.0225,0.04,0.005,1981900000
738,0.02,0.0375,0.005,1913900000
739,0.025,0.0375,0.005,2041600000
740,0.0275,0.04,0.005,1329400000
741,0.0075,0.035,0.005,1973000000
742,0.005,0.0325,0.005,2028000000
743,0.0025,0.035,0.005,1324300000
744,0.0125,0.035,0.005,1906100000
745,0.01,0.0325,0.005,1901600000
746,0.0175,0.035,0.005,1906100000
747,0.015,0.0325,0.005,1894900000
748,0.0225,0.035,0.005,1973000000
749,0.02,0.0325,0.005,1901600000
750,0.025,0.0325,0.005,2028000000
751,0.0275,0.035,0.005,1324300000
752,0.0075,0.03,0.005,1956000000
753,0.005,0.0275,0.005,2001800000
754,0.0025,0.03,0.005,1314500000
755,0.0125,0.03,0.005,1890400000
756,0.01,0.0275,0.005,1877400000
757,0.0175,0.03,0.005,1890400000
758,0.015,0.0275,0.005,1871900000
759,0.0225,0.03,0.005,1956000000
760,0.02,0.0275,0.005,1877400000
761,0.025,0.0275,0.005,2001800000
762,0.0275,0.03,0.005,1314500000
763,0.0075,0.025,0.005,1922700000
764,0.005,0.0225,0.005,1951800000
765,0.0025,0.025,0.005,1296300000
766,0.0125,0.025,0.005,1858900000
767,0.01,0.0225,0.005,1830300000
768,0.0175,0.025,0.005,1858900000
769,0.015,0.0225,0.005,1826700000
770,0.0225,0.025,0.005,1922700000
771,0.02,0.0225,0.005,1830300000
772,0.025,0.0225,0.005,1951800000
773,0.0275,0.025,0.005,1296300000
774,0.0075,0.02,0.005,1858800000
775,0.005,0.0175,0.005,1859700000
776,0.0025,0.02,0.005,1264500000
777,0.0125,0.02,0.005,1797800000
778,0.01,0.0175,0.005,1737500000
779,0.0175,0.02,0.005,1797800000
780,0.015,0.0175,0.005,1733800000
781,0.0225,0.02,0.005,1858800000
782,0.02,0.0175,0.005,1737500000
783,0.025,0.0175,0.005,1859700000
784,0.0275,0.02,0.005,1264500000
785,0.0075,0.015,0.005,1738700000
786,0.005,0.0125,0.005,1691600000
787,0.0025,0.015,0.005,1222000000
788,0.0125,0.015,0.005,1672400000
789,0.01,0.0125,0.005,1564600000
790,0.0175,0.015,0.005,1672400000
791,0.015,0.0125,0.005,1552300000
792,0.0225,0.015,0.005,1738700000
793,0.02,0.0125,0.005,1564600000
794,0.025,0.0125,0.005,1691600000
795,0.0275,0.015,0.005,1222000000
796,0.0075,0.01,0.005,1518200000
797,0.005,0.0075,0.005,1501700000
798,0.0025,0.01,0.005,1174000000
799,0.0125,0.01,0.005,1440000000
800,0.01,0.0075,0.005,1233600000
801,0.0175,0.01,0.005,1440000000
802,0.015,0.0075,0.005,1154600000
803,0.0225,0.01,0.005,1518200000
804,0.02,0.0075,0.005,1233600000
805,0.025,0.0075,0.005,1501700000
806,0.0275,0.01,0.005,1174000000
807,0.0075,0.005,0.005,1298400000
808,0.005,0.0025,0.005,1418600000
809,0.0025,0.005,0.005,1564800000
810,0.0125,0.005,0.005,936020000
811,0.01,0.0025,0.005,874500000
812,0.0175,0.005,0.005,936020000
813,0.015,0.0025,0.005,635190000
814,0.0225,0.005,0.005,1298400000
815,0.02,0.0025,0.005,874500000
816,0.025,0.0025,0.005,1418600000
817,0.0275,0.005,0.005,1564800000
818,0.0225,0,0.005,1036200000
819,0.0275,0,0.005,1505700000
820,0.025,0,0.0025,403660000
821,0.0175,0,0.005,494520000
822,0.02,0,0.0025,140310000
823,0.0125,0,0.005,494520000
824,0.015,0,0.0025,76154000
825,0.0075,0,0.005,1036200000
826,0.01,0,0.0025,140310000
827,0.0025,0,0.005,1505700000
828,0.005,0,0.0025,403660000
829,0.0075,0.1,0.005,1273700000
830,0.0025,0.1,0.005,736890000
831,0.005,0.1,0.0025,707580000
832,0.0125,0.1,0.005,1485000000
833,0.01,0.1,0.0025,1151000000
834,0.0175,0.1,0.005,1485000000
835,0.015,0.1,0.0025,1279200000
836,0.0225,0.1,0.005,1273700000
837,0.02,0.1,0.0025,1151000000
838,0.0275,0.1,0.005,736890000
839,0.025,0.1,0.0025,707580000
840,0,0.0975,0.005,661960000
841,0,0.1,0.0025,514610000
842,0,0.0925,0.005,845700000
843,0,0.095,0.0025,601640000
844,0,0.0875,0.005,924430000
845,0,0.09,0.0025,752140000
846,0,0.0825,0.005,948390000
847,0,0.085,0.0025,791600000
848,0,0.0775,0.005,956600000
849,0,0.08,0.0025,804160000
850,0,0.0725,0.005,958950000
851,0,0.075,0.0025,808450000
852,0,0.0675,0.005,959450000
853,0,0.07,0.0025,809740000
854,0,0.0625,0.005,959370000
855,0,0.065,0.0025,810060000
856,0,0.0575,0.005,959140000
857,0,0.06,0.0025,810050000
858,0,0.0525,0.005,958820000
859,0,0.055,0.0025,809930000
860,0,0.0475,0.005,958340000
861,0,0.05,0.0025,809730000
862,0,0.0425,0.005,957530000
863,0,0.045,0.0025,809390000
864,0,0.0375,0.005,956070000
865,0,0.04,0.0025,808770000
866,0,0.0325,0.005,953510000
867,0,0.035,0.0025,807600000
868,0,0.0275,0.005,949520000
869,0,0.03,0.0025,805310000
870,0,0.0225,0.005,944860000
871,0,0.025,0.0025,801240000
872,0,0.0175,0.005,952230000
873,0,0.02,0.0025,792530000
874,0,0.0125,0.005,998410000
875,0,0.015,0.0025,780420000
876,0,0.0075,0.005,1347500000
877,0,0.01,0.0025,741630000
878,0,0.0025,0.005,1683200000
879,0,0.005,0.0025,717980000
880,0,0,0.0025,535070000
881,0.03,0.0975,0.005,661960000
882,0.03,0.1,0.0025,514610000
883,0.03,0.0925,0.005,845700000
884,0.03,0.095,0.0025,601640000
885,0.03,0.0875,0.005,924430000
886,0.03,0.09,0.0025,752140000
887,0.03,0.0825,0.005,948390000
888,0.03,0.085,0.0025,791600000
889,0.03,0.0775,0.005,956600000
890,0.03,0.08,0.0025,804160000
891,0.03,0.0725,0.005,958950000
892,0.03,0.075,0.0025,808450000
893,0.03,0.0675,0.005,959450000
894,0.03,0.07,0.0025,809740000
895,0.03,0.0625,0.005,959370000
896,0.03,0.065,0.0025,810060000
897,0.03,0.0575,0.005,959140000
898,0.03,0.06,0.0025,810050000
899,0.03,0.0525,0.005,958820000
900,0.03,0.055,0.0025,809930000
901,0.03,0.0475,0.005,958340000
902,0.03,0.05,0.0025,809730000
903,0.03,0.0425,0.005,957530000
904,0.03,0.045,0.0025,809390000
905,0.03,0.0375,0.005,956070000
906,0.03,0.04,0.0025,808770000
907,0.03,0.0325,0.005,953510000
908,0.03,0.035,0.0025,807600000
909,0.03,0.0275,0.005,949520000
910,0.03,0.03,0.0025,805310000
911,0.03,0.0225,0.005,944860000
912,0.03,0.025,0.0025,801240000
913,0.03,0.0175,0.005,952230000
914,0.03,0.02,0.0025,792530000
915,0.03,0.0125,0.005,998410000
916,0.03,0.015,0.0025,780420000
917,0.03,0.0075,0.005,1347500000
918,0.03,0.01,0.0025,741630000
919,0.03,0.0025,0.005,1683200000
920,0.03,0.005,0.0025,717980000
921,0.03,0,0.0025,535070000
922,0.03,0.0075,0,1347500000
923,0.03,0.0025,0,1683200000
924,0.03,0.0125,0,998410000
925,0.03,0.0175,0,952230000
926,0.03,0.0225,0,944860000
927,0.03,0.0275,0,949520000
928,0.03,0.0325,0,953510000
929,0.03,0.0375,0,956070000
930,0.03,0.0425,0,957530000
931,0.03,0.0475,0,958340000
932,0.03,0.0525,0,958820000
933,0.03,0.0575,0,959140000
934,0.03,0.0625,0,959370000
935,0.03,0.0675,0,959450000
936,0.03,0.0725,0,958950000
937,0.03,0.0775,0,956600000
938,0.03,0.0825,0,948390000
939,0.03,0.0875,0,924430000
940,0.03,0.0925,0,845700000
941,0.03,0.0975,0,661960000
942,0.0275,0,0,1505700000
943,0.0275,0.1,0,736890000
944,0,0.0075,0,1347500000
945,0,0.0025,0,1683200000
946,0,0.0125,0,998410000
947,0,0.0175,0,952230000
948,0,0.0225,0,944860000
949,0,0.0275,0,949520000
950,0,0.0325,0,953510000
951,0,0.0375,0,956070000
952,0,0.0425,0,957530000
953,0,0.0475,0,958340000
954,0,0.0525,0,958820000
955,0,0.0575,0,959140000
956,0,0.0625,0,959370000
957,0,0.0675,0,959450000
958,0,0.0725,0,958950000
959,0,0.0775,0,956600000
960,0,0.0825,0,948390000
961,0,0.0875,0,924430000
962,0,0.0925,0,845700000
963,0,0.0975,0,661960000
964,0.0025,0,0,1505700000
965,0.0025,0.1,0,736890000
966,0.0075,0.1,0,1273700000
967,0.0125,0.1,0,1485000000
968,0.0175,0.1,0,1485000000
969,0.0225,0.1,0,1273700000
970,0.0225,0,0,1036200000
971,0.0175,0,0,494520000
972,0.0125,0,0,494520000
973,0.0075,0,0,1036200000
