Part Instance,Element ID,Type,Attached nodes
SHELL-1,1,S4R,1,2,39,38
SHELL-1,2,S4R,2,3,40,39
SHELL-1,3,S4R,3,4,41,40
SHELL-1,4,S4R,4,5,42,41
SHELL-1,5,S4R,5,6,43,42
SHELL-1,6,S4R,6,7,44,43
SHELL-1,7,S4R,7,8,45,44
SHELL-1,8,S4R,8,9,46,45
SHELL-1,9,S4R,9,10,47,46
SHELL-1,10,S4R,10,11,48,47
SHELL-1,11,S4R,11,12,49,48
SHELL-1,12,S4R,12,13,50,49
SHELL-1,13,S4R,13,14,51,50
SHELL-1,14,S4R,14,15,52,51
SHELL-1,15,S4R,15,16,53,52
SHELL-1,16,S4R,16,17,54,53
SHELL-1,17,S4R,17,18,55,54
SHELL-1,18,S4R,18,19,56,55
SHELL-1,19,S4R,19,20,57,56
SHELL-1,20,S4R,20,21,58,57
SHELL-1,21,S4R,21,22,59,58
SHELL-1,22,S4R,22,23,60,59
SHELL-1,23,S4R,23,24,61,60
SHELL-1,24,S4R,24,25,62,61
SHELL-1,25,S4R,25,26,63,62
SHELL-1,26,S4R,26,27,64,63
SHELL-1,27,S4R,27,28,65,64
SHELL-1,28,S4R,28,29,66,65
SHELL-1,29,S4R,29,30,67,66
SHELL-1,30,S4R,30,31,68,67
SHELL-1,31,S4R,31,32,69,68
SHELL-1,32,S4R,32,33,70,69
SHELL-1,33,S4R,33,34,71,70
SHELL-1,34,S4R,34,35,72,71
SHELL-1,35,S4R,35,36,73,72
SHELL-1,36,S4R,36,37,74,73
SHELL-1,37,S4R,38,39,76,75
SHELL-1,38,S4R,39,40,77,76
SHELL-1,39,S4R,40,41,78,77
SHELL-1,40,S4R,41,42,79,78
SHELL-1,41,S4R,42,43,80,79
SHELL-1,42,S4R,43,44,81,80
SHELL-1,43,S4R,44,45,82,81
SHELL-1,44,S4R,45,46,83,82
SHELL-1,45,S4R,46,47,84,83
SHELL-1,46,S4R,47,48,85,84
SHELL-1,47,S4R,48,49,86,85
SHELL-1,48,S4R,49,50,87,86
SHELL-1,49,S4R,50,51,88,87
SHELL-1,50,S4R,51,52,89,88
SHELL-1,51,S4R,52,53,90,89
SHELL-1,52,S4R,53,54,91,90
SHELL-1,53,S4R,54,55,92,91
SHELL-1,54,S4R,55,56,93,92
SHELL-1,55,S4R,56,57,94,93
SHELL-1,56,S4R,57,58,95,94
SHELL-1,57,S4R,58,59,96,95
SHELL-1,58,S4R,59,60,97,96
SHELL-1,59,S4R,60,61,98,97
SHELL-1,60,S4R,61,62,99,98
SHELL-1,61,S4R,62,63,100,99
SHELL-1,62,S4R,63,64,101,100
SHELL-1,63,S4R,64,65,102,101
SHELL-1,64,S4R,65,66,103,102
SHELL-1,65,S4R,66,67,104,103
SHELL-1,66,S4R,67,68,105,104
SHELL-1,67,S4R,68,69,106,105
SHELL-1,68,S4R,69,70,107,106
SHELL-1,69,S4R,70,71,108,107
SHELL-1,70,S4R,71,72,109,108
SHELL-1,71,S4R,72,73,110,109
SHELL-1,72,S4R,73,74,111,110
SHELL-1,73,S4R,75,76,113,112
SHELL-1,74,S4R,76,77,114,113
SHELL-1,75,S4R,77,78,115,114
SHELL-1,76,S4R,78,79,116,115
SHELL-1,77,S4R,79,80,117,116
SHELL-1,78,S4R,80,81,118,117
SHELL-1,79,S4R,81,82,119,118
SHELL-1,80,S4R,82,83,120,119
SHELL-1,81,S4R,83,84,121,120
SHELL-1,82,S4R,84,85,122,121
SHELL-1,83,S4R,85,86,123,122
SHELL-1,84,S4R,86,87,124,123
SHELL-1,85,S4R,87,88,125,124
SHELL-1,86,S4R,88,89,126,125
SHELL-1,87,S4R,89,90,127,126
SHELL-1,88,S4R,90,91,128,127
SHELL-1,89,S4R,91,92,129,128
SHELL-1,90,S4R,92,93,130,129
SHELL-1,91,S4R,93,94,131,130
SHELL-1,92,S4R,94,95,132,131
SHELL-1,93,S4R,95,96,133,132
SHELL-1,94,S4R,96,97,134,133
SHELL-1,95,S4R,97,98,135,134
SHELL-1,96,S4R,98,99,136,135
SHELL-1,97,S4R,99,100,137,136
SHELL-1,98,S4R,100,101,138,137
SHELL-1,99,S4R,101,102,139,138
SHELL-1,100,S4R,102,103,140,139
SHELL-1,101,S4R,103,104,141,140
SHELL-1,102,S4R,104,105,142,141
SHELL-1,103,S4R,105,106,143,142
SHELL-1,104,S4R,106,107,144,143
SHELL-1,105,S4R,107,108,145,144
SHELL-1,106,S4R,108,109,146,145
SHELL-1,107,S4R,109,110,147,146
SHELL-1,108,S4R,110,111,148,147
SHELL-1,109,S4R,112,113,150,149
SHELL-1,110,S4R,113,114,151,150
SHELL-1,111,S4R,114,115,152,151
SHELL-1,112,S4R,115,116,153,152
SHELL-1,113,S4R,116,117,154,153
SHELL-1,114,S4R,117,118,155,154
SHELL-1,115,S4R,118,119,156,155
SHELL-1,116,S4R,119,120,157,156
SHELL-1,117,S4R,120,121,158,157
SHELL-1,118,S4R,121,122,159,158
SHELL-1,119,S4R,122,123,160,159
SHELL-1,120,S4R,123,124,161,160
SHELL-1,121,S4R,124,125,162,161
SHELL-1,122,S4R,125,126,163,162
SHELL-1,123,S4R,126,127,164,163
SHELL-1,124,S4R,127,128,165,164
SHELL-1,125,S4R,128,129,166,165
SHELL-1,126,S4R,129,130,167,166
SHELL-1,127,S4R,130,131,168,167
SHELL-1,128,S4R,131,132,169,168
SHELL-1,129,S4R,132,133,170,169
SHELL-1,130,S4R,133,134,171,170
SHELL-1,131,S4R,134,135,172,171
SHELL-1,132,S4R,135,136,173,172
SHELL-1,133,S4R,136,137,174,173
SHELL-1,134,S4R,137,138,175,174
SHELL-1,135,S4R,138,139,176,175
SHELL-1,136,S4R,139,140,177,176
SHELL-1,137,S4R,140,141,178,177
SHELL-1,138,S4R,141,142,179,178
SHELL-1,139,S4R,142,143,180,179
SHELL-1,140,S4R,143,144,181,180
SHELL-1,141,S4R,144,145,182,181
SHELL-1,142,S4R,145,146,183,182
SHELL-1,143,S4R,146,147,184,183
SHELL-1,144,S4R,147,148,185,184
SHELL-1,145,S4R,149,150,187,186
SHELL-1,146,S4R,150,151,188,187
SHELL-1,147,S4R,151,152,189,188
SHELL-1,148,S4R,152,153,190,189
SHELL-1,149,S4R,153,154,191,190
SHELL-1,150,S4R,154,155,192,191
SHELL-1,151,S4R,155,156,193,192
SHELL-1,152,S4R,156,157,194,193
SHELL-1,153,S4R,157,158,195,194
SHELL-1,154,S4R,158,159,196,195
SHELL-1,155,S4R,159,160,197,196
SHELL-1,156,S4R,160,161,198,197
SHELL-1,157,S4R,161,162,199,198
SHELL-1,158,S4R,162,163,200,199
SHELL-1,159,S4R,163,164,201,200
SHELL-1,160,S4R,164,165,202,201
SHELL-1,161,S4R,165,166,203,202
SHELL-1,162,S4R,166,167,204,203
SHELL-1,163,S4R,167,168,205,204
SHELL-1,164,S4R,168,169,206,205
SHELL-1,165,S4R,169,170,207,206
SHELL-1,166,S4R,170,171,208,207
SHELL-1,167,S4R,171,172,209,208
SHELL-1,168,S4R,172,173,210,209
SHELL-1,169,S4R,173,174,211,210
SHELL-1,170,S4R,174,175,212,211
SHELL-1,171,S4R,175,176,213,212
SHELL-1,172,S4R,176,177,214,213
SHELL-1,173,S4R,177,178,215,214
SHELL-1,174,S4R,178,179,216,215
SHELL-1,175,S4R,179,180,217,216
SHELL-1,176,S4R,180,181,218,217
SHELL-1,177,S4R,181,182,219,218
SHELL-1,178,S4R,182,183,220,219
SHELL-1,179,S4R,183,184,221,220
SHELL-1,180,S4R,184,185,222,221
SHELL-1,181,S4R,186,187,224,223
SHELL-1,182,S4R,187,188,225,224
SHELL-1,183,S4R,188,189,226,225
SHELL-1,184,S4R,189,190,227,226
SHELL-1,185,S4R,190,191,228,227
SHELL-1,186,S4R,191,192,229,228
SHELL-1,187,S4R,192,193,230,229
SHELL-1,188,S4R,193,194,231,230
SHELL-1,189,S4R,194,195,232,231
SHELL-1,190,S4R,195,196,233,232
SHELL-1,191,S4R,196,197,234,233
SHELL-1,192,S4R,197,198,235,234
SHELL-1,193,S4R,198,199,236,235
SHELL-1,194,S4R,199,200,237,236
SHELL-1,195,S4R,200,201,238,237
SHELL-1,196,S4R,201,202,239,238
SHELL-1,197,S4R,202,203,240,239
SHELL-1,198,S4R,203,204,241,240
SHELL-1,199,S4R,204,205,242,241
SHELL-1,200,S4R,205,206,243,242
SHELL-1,201,S4R,206,207,244,243
SHELL-1,202,S4R,207,208,245,244
SHELL-1,203,S4R,208,209,246,245
SHELL-1,204,S4R,209,210,247,246
SHELL-1,205,S4R,210,211,248,247
SHELL-1,206,S4R,211,212,249,248
SHELL-1,207,S4R,212,213,250,249
SHELL-1,208,S4R,213,214,251,250
SHELL-1,209,S4R,214,215,252,251
SHELL-1,210,S4R,215,216,253,252
SHELL-1,211,S4R,216,217,254,253
SHELL-1,212,S4R,217,218,255,254
SHELL-1,213,S4R,218,219,256,255
SHELL-1,214,S4R,219,220,257,256
SHELL-1,215,S4R,220,221,258,257
SHELL-1,216,S4R,221,222,259,258
SHELL-1,217,S4R,223,224,261,260
SHELL-1,218,S4R,224,225,262,261
SHELL-1,219,S4R,225,226,263,262
SHELL-1,220,S4R,226,227,264,263
SHELL-1,221,S4R,227,228,265,264
SHELL-1,222,S4R,228,229,266,265
SHELL-1,223,S4R,229,230,267,266
SHELL-1,224,S4R,230,231,268,267
SHELL-1,225,S4R,231,232,269,268
SHELL-1,226,S4R,232,233,270,269
SHELL-1,227,S4R,233,234,271,270
SHELL-1,228,S4R,234,235,272,271
SHELL-1,229,S4R,235,236,273,272
SHELL-1,230,S4R,236,237,274,273
SHELL-1,231,S4R,237,238,275,274
SHELL-1,232,S4R,238,239,276,275
SHELL-1,233,S4R,239,240,277,276
SHELL-1,234,S4R,240,241,278,277
SHELL-1,235,S4R,241,242,279,278
SHELL-1,236,S4R,242,243,280,279
SHELL-1,237,S4R,243,244,281,280
SHELL-1,238,S4R,244,245,282,281
SHELL-1,239,S4R,245,246,283,282
SHELL-1,240,S4R,246,247,284,283
SHELL-1,241,S4R,247,248,285,284
SHELL-1,242,S4R,248,249,286,285
SHELL-1,243,S4R,249,250,287,286
SHELL-1,244,S4R,250,251,288,287
SHELL-1,245,S4R,251,252,289,288
SHELL-1,246,S4R,252,253,290,289
SHELL-1,247,S4R,253,254,291,290
SHELL-1,248,S4R,254,255,292,291
SHELL-1,249,S4R,255,256,293,292
SHELL-1,250,S4R,256,257,294,293
SHELL-1,251,S4R,257,258,295,294
SHELL-1,252,S4R,258,259,296,295
SHELL-1,253,S4R,260,261,298,297
SHELL-1,254,S4R,261,262,299,298
SHELL-1,255,S4R,262,263,300,299
SHELL-1,256,S4R,263,264,301,300
SHELL-1,257,S4R,264,265,302,301
SHELL-1,258,S4R,265,266,303,302
SHELL-1,259,S4R,266,267,304,303
SHELL-1,260,S4R,267,268,305,304
SHELL-1,261,S4R,268,269,306,305
SHELL-1,262,S4R,269,270,307,306
SHELL-1,263,S4R,270,271,308,307
SHELL-1,264,S4R,271,272,309,308
SHELL-1,265,S4R,272,273,310,309
SHELL-1,266,S4R,273,274,311,310
SHELL-1,267,S4R,274,275,312,311
SHELL-1,268,S4R,275,276,313,312
SHELL-1,269,S4R,276,277,314,313
SHELL-1,270,S4R,277,278,315,314
SHELL-1,271,S4R,278,279,316,315
SHELL-1,272,S4R,279,280,317,316
SHELL-1,273,S4R,280,281,318,317
SHELL-1,274,S4R,281,282,319,318
SHELL-1,275,S4R,282,283,320,319
SHELL-1,276,S4R,283,284,321,320
SHELL-1,277,S4R,284,285,322,321
SHELL-1,278,S4R,285,286,323,322
SHELL-1,279,S4R,286,287,324,323
SHELL-1,280,S4R,287,288,325,324
SHELL-1,281,S4R,288,289,326,325
SHELL-1,282,S4R,289,290,327,326
SHELL-1,283,S4R,290,291,328,327
SHELL-1,284,S4R,291,292,329,328
SHELL-1,285,S4R,292,293,330,329
SHELL-1,286,S4R,293,294,331,330
SHELL-1,287,S4R,294,295,332,331
SHELL-1,288,S4R,295,296,333,332
SHELL-1,289,S4R,297,298,335,334
SHELL-1,290,S4R,298,299,336,335
SHELL-1,291,S4R,299,300,337,336
SHELL-1,292,S4R,300,301,338,337
SHELL-1,293,S4R,301,302,339,338
SHELL-1,294,S4R,302,303,340,339
SHELL-1,295,S4R,303,304,341,340
SHELL-1,296,S4R,304,305,342,341
SHELL-1,297,S4R,305,306,343,342
SHELL-1,298,S4R,306,307,344,343
SHELL-1,299,S4R,307,308,345,344
SHELL-1,300,S4R,308,309,346,345
SHELL-1,301,S4R,309,310,347,346
SHELL-1,302,S4R,310,311,348,347
SHELL-1,303,S4R,311,312,349,348
SHELL-1,304,S4R,312,313,350,349
SHELL-1,305,S4R,313,314,351,350
SHELL-1,306,S4R,314,315,352,351
SHELL-1,307,S4R,315,316,353,352
SHELL-1,308,S4R,316,317,354,353
SHELL-1,309,S4R,317,318,355,354
SHELL-1,310,S4R,318,319,356,355
SHELL-1,311,S4R,319,320,357,356
SHELL-1,312,S4R,320,321,358,357
SHELL-1,313,S4R,321,322,359,358
SHELL-1,314,S4R,322,323,360,359
SHELL-1,315,S4R,323,324,361,360
SHELL-1,316,S4R,324,325,362,361
SHELL-1,317,S4R,325,326,363,362
SHELL-1,318,S4R,326,327,364,363
SHELL-1,319,S4R,327,328,365,364
SHELL-1,320,S4R,328,329,366,365
SHELL-1,321,S4R,329,330,367,366
SHELL-1,322,S4R,330,331,368,367
SHELL-1,323,S4R,331,332,369,368
SHELL-1,324,S4R,332,333,370,369
SHELL-1,325,S4R,334,335,372,371
SHELL-1,326,S4R,335,336,373,372
SHELL-1,327,S4R,336,337,374,373
SHELL-1,328,S4R,337,338,375,374
SHELL-1,329,S4R,338,339,376,375
SHELL-1,330,S4R,339,340,377,376
SHELL-1,331,S4R,340,341,378,377
SHELL-1,332,S4R,341,342,379,378
SHELL-1,333,S4R,342,343,380,379
SHELL-1,334,S4R,343,344,381,380
SHELL-1,335,S4R,344,345,382,381
SHELL-1,336,S4R,345,346,383,382
SHELL-1,337,S4R,346,347,384,383
SHELL-1,338,S4R,347,348,385,384
SHELL-1,339,S4R,348,349,386,385
SHELL-1,340,S4R,349,350,387,386
SHELL-1,341,S4R,350,351,388,387
SHELL-1,342,S4R,351,352,389,388
SHELL-1,343,S4R,352,353,390,389
SHELL-1,344,S4R,353,354,391,390
SHELL-1,345,S4R,354,355,392,391
SHELL-1,346,S4R,355,356,393,392
SHELL-1,347,S4R,356,357,394,393
SHELL-1,348,S4R,357,358,395,394
SHELL-1,349,S4R,358,359,396,395
SHELL-1,350,S4R,359,360,397,396
SHELL-1,351,S4R,360,361,398,397
SHELL-1,352,S4R,361,362,399,398
SHELL-1,353,S4R,362,363,400,399
SHELL-1,354,S4R,363,364,401,400
SHELL-1,355,S4R,364,365,402,401
SHELL-1,356,S4R,365,366,403,402
SHELL-1,357,S4R,366,367,404,403
SHELL-1,358,S4R,367,368,405,404
SHELL-1,359,S4R,368,369,406,405
SHELL-1,360,S4R,369,370,407,406
SHELL-1,361,S4R,371,372,409,408
SHELL-1,362,S4R,372,373,410,409
SHELL-1,363,S4R,373,374,411,410
SHELL-1,364,S4R,374,375,412,411
SHELL-1,365,S4R,375,376,413,412
SHELL-1,366,S4R,376,377,414,413
SHELL-1,367,S4R,377,378,415,414
SHELL-1,368,S4R,378,379,416,415
SHELL-1,369,S4R,379,380,417,416
SHELL-1,370,S4R,380,381,418,417
SHELL-1,371,S4R,381,382,419,418
SHELL-1,372,S4R,382,383,420,419
SHELL-1,373,S4R,383,384,421,420
SHELL-1,374,S4R,384,385,422,421
SHELL-1,375,S4R,385,386,423,422
SHELL-1,376,S4R,386,387,424,423
SHELL-1,377,S4R,387,388,425,424
SHELL-1,378,S4R,388,389,426,425
SHELL-1,379,S4R,389,390,427,426
SHELL-1,380,S4R,390,391,428,427
SHELL-1,381,S4R,391,392,429,428
SHELL-1,382,S4R,392,393,430,429
SHELL-1,383,S4R,393,394,431,430
SHELL-1,384,S4R,394,395,432,431
SHELL-1,385,S4R,395,396,433,432
SHELL-1,386,S4R,396,397,434,433
SHELL-1,387,S4R,397,398,435,434
SHELL-1,388,S4R,398,399,436,435
SHELL-1,389,S4R,399,400,437,436
SHELL-1,390,S4R,400,401,438,437
SHELL-1,391,S4R,401,402,439,438
SHELL-1,392,S4R,402,403,440,439
SHELL-1,393,S4R,403,404,441,440
SHELL-1,394,S4R,404,405,442,441
SHELL-1,395,S4R,405,406,443,442
SHELL-1,396,S4R,406,407,444,443
SHELL-1,397,S4R,408,409,446,445
SHELL-1,398,S4R,409,410,447,446
SHELL-1,399,S4R,410,411,448,447
SHELL-1,400,S4R,411,412,449,448
SHELL-1,401,S4R,412,413,450,449
SHELL-1,402,S4R,413,414,451,450
SHELL-1,403,S4R,414,415,452,451
SHELL-1,404,S4R,415,416,453,452
SHELL-1,405,S4R,416,417,454,453
SHELL-1,406,S4R,417,418,455,454
SHELL-1,407,S4R,418,419,456,455
SHELL-1,408,S4R,419,420,457,456
SHELL-1,409,S4R,420,421,458,457
SHELL-1,410,S4R,421,422,459,458
SHELL-1,411,S4R,422,423,460,459
SHELL-1,412,S4R,423,424,461,460
SHELL-1,413,S4R,424,425,462,461
SHELL-1,414,S4R,425,426,463,462
SHELL-1,415,S4R,426,427,464,463
SHELL-1,416,S4R,427,428,465,464
SHELL-1,417,S4R,428,429,466,465
SHELL-1,418,S4R,429,430,467,466
SHELL-1,419,S4R,430,431,468,467
SHELL-1,420,S4R,431,432,469,468
SHELL-1,421,S4R,432,433,470,469
SHELL-1,422,S4R,433,434,471,470
SHELL-1,423,S4R,434,435,472,471
SHELL-1,424,S4R,435,436,473,472
SHELL-1,425,S4R,436,437,474,473
SHELL-1,426,S4R,437,438,475,474
SHELL-1,427,S4R,438,439,476,475
SHELL-1,428,S4R,439,440,477,476
SHELL-1,429,S4R,440,441,478,477
SHELL-1,430,S4R,441,442,479,478
SHELL-1,431,S4R,442,443,480,479
SHELL-1,432,S4R,443,444,481,480
SHELL-1,433,S4R,445,446,483,482
SHELL-1,434,S4R,446,447,484,483
SHELL-1,435,S4R,447,448,485,484
SHELL-1,436,S4R,448,449,486,485
SHELL-1,437,S4R,449,450,487,486
SHELL-1,438,S4R,450,451,488,487
SHELL-1,439,S4R,451,452,489,488
SHELL-1,440,S4R,452,453,490,489
SHELL-1,441,S4R,453,454,491,490
SHELL-1,442,S4R,454,455,492,491
SHELL-1,443,S4R,455,456,493,492
SHELL-1,444,S4R,456,457,494,493
SHELL-1,445,S4R,457,458,495,494
SHELL-1,446,S4R,458,459,496,495
SHELL-1,447,S4R,459,460,497,496
SHELL-1,448,S4R,460,461,498,497
SHELL-1,449,S4R,461,462,499,498
SHELL-1,450,S4R,462,463,500,499
SHELL-1,451,S4R,463,464,501,500
SHELL-1,452,S4R,464,465,502,501
SHELL-1,453,S4R,465,466,503,502
SHELL-1,454,S4R,466,467,504,503
SHELL-1,455,S4R,467,468,505,504
SHELL-1,456,S4R,468,469,506,505
SHELL-1,457,S4R,469,470,507,506
SHELL-1,458,S4R,470,471,508,507
SHELL-1,459,S4R,471,472,509,508
SHELL-1,460,S4R,472,473,510,509
SHELL-1,461,S4R,473,474,511,510
SHELL-1,462,S4R,474,475,512,511
SHELL-1,463,S4R,475,476,513,512
SHELL-1,464,S4R,476,477,514,513
SHELL-1,465,S4R,477,478,515,514
SHELL-1,466,S4R,478,479,516,515
SHELL-1,467,S4R,479,480,517,516
SHELL-1,468,S4R,480,481,518,517
SHELL-1,469,S4R,482,483,520,519
SHELL-1,470,S4R,483,484,521,520
SHELL-1,471,S4R,484,485,522,521
SHELL-1,472,S4R,485,486,523,522
SHELL-1,473,S4R,486,487,524,523
SHELL-1,474,S4R,487,488,525,524
SHELL-1,475,S4R,488,489,526,525
SHELL-1,476,S4R,489,490,527,526
SHELL-1,477,S4R,490,491,528,527
SHELL-1,478,S4R,491,492,529,528
SHELL-1,479,S4R,492,493,530,529
SHELL-1,480,S4R,493,494,531,530
SHELL-1,481,S4R,494,495,532,531
SHELL-1,482,S4R,495,496,533,532
SHELL-1,483,S4R,496,497,534,533
SHELL-1,484,S4R,497,498,535,534
SHELL-1,485,S4R,498,499,536,535
SHELL-1,486,S4R,499,500,537,536
SHELL-1,487,S4R,500,501,538,537
SHELL-1,488,S4R,501,502,539,538
SHELL-1,489,S4R,502,503,540,539
SHELL-1,490,S4R,503,504,541,540
SHELL-1,491,S4R,504,505,542,541
SHELL-1,492,S4R,505,506,543,542
SHELL-1,493,S4R,506,507,544,543
SHELL-1,494,S4R,507,508,545,544
SHELL-1,495,S4R,508,509,546,545
SHELL-1,496,S4R,509,510,547,546
SHELL-1,497,S4R,510,511,548,547
SHELL-1,498,S4R,511,512,549,548
SHELL-1,499,S4R,512,513,550,549
SHELL-1,500,S4R,513,514,551,550
SHELL-1,501,S4R,514,515,552,551
SHELL-1,502,S4R,515,516,553,552
SHELL-1,503,S4R,516,517,554,553
SHELL-1,504,S4R,517,518,555,554
SHELL-1,505,S4R,519,520,557,556
SHELL-1,506,S4R,520,521,558,557
SHELL-1,507,S4R,521,522,559,558
SHELL-1,508,S4R,522,523,560,559
SHELL-1,509,S4R,523,524,561,560
SHELL-1,510,S4R,524,525,562,561
SHELL-1,511,S4R,525,526,563,562
SHELL-1,512,S4R,526,527,564,563
SHELL-1,513,S4R,527,528,565,564
SHELL-1,514,S4R,528,529,566,565
SHELL-1,515,S4R,529,530,567,566
SHELL-1,516,S4R,530,531,568,567
SHELL-1,517,S4R,531,532,569,568
SHELL-1,518,S4R,532,533,570,569
SHELL-1,519,S4R,533,534,571,570
SHELL-1,520,S4R,534,535,572,571
SHELL-1,521,S4R,535,536,573,572
SHELL-1,522,S4R,536,537,574,573
SHELL-1,523,S4R,537,538,575,574
SHELL-1,524,S4R,538,539,576,575
SHELL-1,525,S4R,539,540,577,576
SHELL-1,526,S4R,540,541,578,577
SHELL-1,527,S4R,541,542,579,578
SHELL-1,528,S4R,542,543,580,579
SHELL-1,529,S4R,543,544,581,580
SHELL-1,530,S4R,544,545,582,581
SHELL-1,531,S4R,545,546,583,582
SHELL-1,532,S4R,546,547,584,583
SHELL-1,533,S4R,547,548,585,584
SHELL-1,534,S4R,548,549,586,585
SHELL-1,535,S4R,549,550,587,586
SHELL-1,536,S4R,550,551,588,587
SHELL-1,537,S4R,551,552,589,588
SHELL-1,538,S4R,552,553,590,589
SHELL-1,539,S4R,553,554,591,590
SHELL-1,540,S4R,554,555,592,591
SHELL-1,541,S4R,556,557,594,593
SHELL-1,542,S4R,557,558,595,594
SHELL-1,543,S4R,558,559,596,595
SHELL-1,544,S4R,559,560,597,596
SHELL-1,545,S4R,560,561,598,597
SHELL-1,546,S4R,561,562,599,598
SHELL-1,547,S4R,562,563,600,599
SHELL-1,548,S4R,563,564,601,600
SHELL-1,549,S4R,564,565,602,601
SHELL-1,550,S4R,565,566,603,602
SHELL-1,551,S4R,566,567,604,603
SHELL-1,552,S4R,567,568,605,604
SHELL-1,553,S4R,568,569,606,605
SHELL-1,554,S4R,569,570,607,606
SHELL-1,555,S4R,570,571,608,607
SHELL-1,556,S4R,571,572,609,608
SHELL-1,557,S4R,572,573,610,609
SHELL-1,558,S4R,573,574,611,610
SHELL-1,559,S4R,574,575,612,611
SHELL-1,560,S4R,575,576,613,612
SHELL-1,561,S4R,576,577,614,613
SHELL-1,562,S4R,577,578,615,614
SHELL-1,563,S4R,578,579,616,615
SHELL-1,564,S4R,579,580,617,616
SHELL-1,565,S4R,580,581,618,617
SHELL-1,566,S4R,581,582,619,618
SHELL-1,567,S4R,582,583,620,619
SHELL-1,568,S4R,583,584,621,620
SHELL-1,569,S4R,584,585,622,621
SHELL-1,570,S4R,585,586,623,622
SHELL-1,571,S4R,586,587,624,623
SHELL-1,572,S4R,587,588,625,624
SHELL-1,573,S4R,588,589,626,625
SHELL-1,574,S4R,589,590,627,626
SHELL-1,575,S4R,590,591,628,627
SHELL-1,576,S4R,591,592,629,628
SHELL-1,577,S4R,593,594,631,630
SHELL-1,578,S4R,594,595,632,631
SHELL-1,579,S4R,595,596,633,632
SHELL-1,580,S4R,596,597,634,633
SHELL-1,581,S4R,597,598,635,634
SHELL-1,582,S4R,598,599,636,635
SHELL-1,583,S4R,599,600,637,636
SHELL-1,584,S4R,600,601,638,637
SHELL-1,585,S4R,601,602,639,638
SHELL-1,586,S4R,602,603,640,639
SHELL-1,587,S4R,603,604,641,640
SHELL-1,588,S4R,604,605,642,641
SHELL-1,589,S4R,605,606,643,642
SHELL-1,590,S4R,606,607,644,643
SHELL-1,591,S4R,607,608,645,644
SHELL-1,592,S4R,608,609,646,645
SHELL-1,593,S4R,609,610,647,646
SHELL-1,594,S4R,610,611,648,647
SHELL-1,595,S4R,611,612,649,648
SHELL-1,596,S4R,612,613,650,649
SHELL-1,597,S4R,613,614,651,650
SHELL-1,598,S4R,614,615,652,651
SHELL-1,599,S4R,615,616,653,652
SHELL-1,600,S4R,616,617,654,653
SHELL-1,601,S4R,617,618,655,654
SHELL-1,602,S4R,618,619,656,655
SHELL-1,603,S4R,619,620,657,656
SHELL-1,604,S4R,620,621,658,657
SHELL-1,605,S4R,621,622,659,658
SHELL-1,606,S4R,622,623,660,659
SHELL-1,607,S4R,623,624,661,660
SHELL-1,608,S4R,624,625,662,661
SHELL-1,609,S4R,625,626,663,662
SHELL-1,610,S4R,626,627,664,663
SHELL-1,611,S4R,627,628,665,664
SHELL-1,612,S4R,628,629,666,665
SHELL-1,613,S4R,630,631,668,667
SHELL-1,614,S4R,631,632,669,668
SHELL-1,615,S4R,632,633,670,669
SHELL-1,616,S4R,633,634,671,670
SHELL-1,617,S4R,634,635,672,671
SHELL-1,618,S4R,635,636,673,672
SHELL-1,619,S4R,636,637,674,673
SHELL-1,620,S4R,637,638,675,674
SHELL-1,621,S4R,638,639,676,675
SHELL-1,622,S4R,639,640,677,676
SHELL-1,623,S4R,640,641,678,677
SHELL-1,624,S4R,641,642,679,678
SHELL-1,625,S4R,642,643,680,679
SHELL-1,626,S4R,643,644,681,680
SHELL-1,627,S4R,644,645,682,681
SHELL-1,628,S4R,645,646,683,682
SHELL-1,629,S4R,646,647,684,683
SHELL-1,630,S4R,647,648,685,684
SHELL-1,631,S4R,648,649,686,685
SHELL-1,632,S4R,649,650,687,686
SHELL-1,633,S4R,650,651,688,687
SHELL-1,634,S4R,651,652,689,688
SHELL-1,635,S4R,652,653,690,689
SHELL-1,636,S4R,653,654,691,690
SHELL-1,637,S4R,654,655,692,691
SHELL-1,638,S4R,655,656,693,692
SHELL-1,639,S4R,656,657,694,693
SHELL-1,640,S4R,657,658,695,694
SHELL-1,641,S4R,658,659,696,695
SHELL-1,642,S4R,659,660,697,696
SHELL-1,643,S4R,660,661,698,697
SHELL-1,644,S4R,661,662,699,698
SHELL-1,645,S4R,662,663,700,699
SHELL-1,646,S4R,663,664,701,700
SHELL-1,647,S4R,664,665,702,701
SHELL-1,648,S4R,665,666,703,702
SHELL-1,649,S4R,667,668,705,704
SHELL-1,650,S4R,668,669,706,705
SHELL-1,651,S4R,669,670,707,706
SHELL-1,652,S4R,670,671,708,707
SHELL-1,653,S4R,671,672,709,708
SHELL-1,654,S4R,672,673,710,709
SHELL-1,655,S4R,673,674,711,710
SHELL-1,656,S4R,674,675,712,711
SHELL-1,657,S4R,675,676,713,712
SHELL-1,658,S4R,676,677,714,713
SHELL-1,659,S4R,677,678,715,714
SHELL-1,660,S4R,678,679,716,715
SHELL-1,661,S4R,679,680,717,716
SHELL-1,662,S4R,680,681,718,717
SHELL-1,663,S4R,681,682,719,718
SHELL-1,664,S4R,682,683,720,719
SHELL-1,665,S4R,683,684,721,720
SHELL-1,666,S4R,684,685,722,721
SHELL-1,667,S4R,685,686,723,722
SHELL-1,668,S4R,686,687,724,723
SHELL-1,669,S4R,687,688,725,724
SHELL-1,670,S4R,688,689,726,725
SHELL-1,671,S4R,689,690,727,726
SHELL-1,672,S4R,690,691,728,727
SHELL-1,673,S4R,691,692,729,728
SHELL-1,674,S4R,692,693,730,729
SHELL-1,675,S4R,693,694,731,730
SHELL-1,676,S4R,694,695,732,731
SHELL-1,677,S4R,695,696,733,732
SHELL-1,678,S4R,696,697,734,733
SHELL-1,679,S4R,697,698,735,734
SHELL-1,680,S4R,698,699,736,735
SHELL-1,681,S4R,699,700,737,736
SHELL-1,682,S4R,700,701,738,737
SHELL-1,683,S4R,701,702,739,738
SHELL-1,684,S4R,702,703,740,739
SHELL-1,685,S4R,704,705,742,741
SHELL-1,686,S4R,705,706,743,742
SHELL-1,687,S4R,706,707,744,743
SHELL-1,688,S4R,707,708,745,744
SHELL-1,689,S4R,708,709,746,745
SHELL-1,690,S4R,709,710,747,746
SHELL-1,691,S4R,710,711,748,747
SHELL-1,692,S4R,711,712,749,748
SHELL-1,693,S4R,712,713,750,749
SHELL-1,694,S4R,713,714,751,750
SHELL-1,695,S4R,714,715,752,751
SHELL-1,696,S4R,715,716,753,752
SHELL-1,697,S4R,716,717,754,753
SHELL-1,698,S4R,717,718,755,754
SHELL-1,699,S4R,718,719,756,755
SHELL-1,700,S4R,719,720,757,756
SHELL-1,701,S4R,720,721,758,757
SHELL-1,702,S4R,721,722,759,758
SHELL-1,703,S4R,722,723,760,759
SHELL-1,704,S4R,723,724,761,760
SHELL-1,705,S4R,724,725,762,761
SHELL-1,706,S4R,725,726,763,762
SHELL-1,707,S4R,726,727,764,763
SHELL-1,708,S4R,727,728,765,764
SHELL-1,709,S4R,728,729,766,765
SHELL-1,710,S4R,729,730,767,766
SHELL-1,711,S4R,730,731,768,767
SHELL-1,712,S4R,731,732,769,768
SHELL-1,713,S4R,732,733,770,769
SHELL-1,714,S4R,733,734,771,770
SHELL-1,715,S4R,734,735,772,771
SHELL-1,716,S4R,735,736,773,772
SHELL-1,717,S4R,736,737,774,773
SHELL-1,718,S4R,737,738,775,774
SHELL-1,719,S4R,738,739,776,775
SHELL-1,720,S4R,739,740,777,776
SHELL-1,721,S4R,741,742,779,778
SHELL-1,722,S4R,742,743,780,779
SHELL-1,723,S4R,743,744,781,780
SHELL-1,724,S4R,744,745,782,781
SHELL-1,725,S4R,745,746,783,782
SHELL-1,726,S4R,746,747,784,783
SHELL-1,727,S4R,747,748,785,784
SHELL-1,728,S4R,748,749,786,785
SHELL-1,729,S4R,749,750,787,786
SHELL-1,730,S4R,750,751,788,787
SHELL-1,731,S4R,751,752,789,788
SHELL-1,732,S4R,752,753,790,789
SHELL-1,733,S4R,753,754,791,790
SHELL-1,734,S4R,754,755,792,791
SHELL-1,735,S4R,755,756,793,792
SHELL-1,736,S4R,756,757,794,793
SHELL-1,737,S4R,757,758,795,794
SHELL-1,738,S4R,758,759,796,795
SHELL-1,739,S4R,759,760,797,796
SHELL-1,740,S4R,760,761,798,797
SHELL-1,741,S4R,761,762,799,798
SHELL-1,742,S4R,762,763,800,799
SHELL-1,743,S4R,763,764,801,800
SHELL-1,744,S4R,764,765,802,801
SHELL-1,745,S4R,765,766,803,802
SHELL-1,746,S4R,766,767,804,803
SHELL-1,747,S4R,767,768,805,804
SHELL-1,748,S4R,768,769,806,805
SHELL-1,749,S4R,769,770,807,806
SHELL-1,750,S4R,770,771,808,807
SHELL-1,751,S4R,771,772,809,808
SHELL-1,752,S4R,772,773,810,809
SHELL-1,753,S4R,773,774,811,810
SHELL-1,754,S4R,774,775,812,811
SHELL-1,755,S4R,775,776,813,812
SHELL-1,756,S4R,776,777,814,813
SHELL-1,757,S4R,778,779,816,815
SHELL-1,758,S4R,779,780,817,816
SHELL-1,759,S4R,780,781,818,817
SHELL-1,760,S4R,781,782,819,818
SHELL-1,761,S4R,782,783,820,819
SHELL-1,762,S4R,783,784,821,820
SHELL-1,763,S4R,784,785,822,821
SHELL-1,764,S4R,785,786,823,822
SHELL-1,765,S4R,786,787,824,823
SHELL-1,766,S4R,787,788,825,824
SHELL-1,767,S4R,788,789,826,825
SHELL-1,768,S4R,789,790,827,826
SHELL-1,769,S4R,790,791,828,827
SHELL-1,770,S4R,791,792,829,828
SHELL-1,771,S4R,792,793,830,829
SHELL-1,772,S4R,793,794,831,830
SHELL-1,773,S4R,794,795,832,831
SHELL-1,774,S4R,795,796,833,832
SHELL-1,775,S4R,796,797,834,833
SHELL-1,776,S4R,797,798,835,834
SHELL-1,777,S4R,798,799,836,835
SHELL-1,778,S4R,799,800,837,836
SHELL-1,779,S4R,800,801,838,837
SHELL-1,780,S4R,801,802,839,838
SHELL-1,781,S4R,802,803,840,839
SHELL-1,782,S4R,803,804,841,840
SHELL-1,783,S4R,804,805,842,841
SHELL-1,784,S4R,805,806,843,842
SHELL-1,785,S4R,806,807,844,843
SHELL-1,786,S4R,807,808,845,844
SHELL-1,787,S4R,808,809,846,845
SHELL-1,788,S4R,809,810,847,846
SHELL-1,789,S4R,810,811,848,847
SHELL-1,790,S4R,811,812,849,848
SHELL-1,791,S4R,812,813,850,849
SHELL-1,792,S4R,813,814,851,850
SHELL-1,793,S4R,815,816,853,852
SHELL-1,794,S4R,816,817,854,853
SHELL-1,795,S4R,817,818,855,854
SHELL-1,796,S4R,818,819,856,855
SHELL-1,797,S4R,819,820,857,856
SHELL-1,798,S4R,820,821,858,857
SHELL-1,799,S4R,821,822,859,858
SHELL-1,800,S4R,822,823,860,859
SHELL-1,801,S4R,823,824,861,860
SHELL-1,802,S4R,824,825,862,861
SHELL-1,803,S4R,825,826,863,862
SHELL-1,804,S4R,826,827,864,863
SHELL-1,805,S4R,827,828,865,864
SHELL-1,806,S4R,828,829,866,865
SHELL-1,807,S4R,829,830,867,866
SHELL-1,808,S4R,830,831,868,867
SHELL-1,809,S4R,831,832,869,868
SHELL-1,810,S4R,832,833,870,869
SHELL-1,811,S4R,833,834,871,870
SHELL-1,812,S4R,834,835,872,871
SHELL-1,813,S4R,835,836,873,872
SHELL-1,814,S4R,836,837,874,873
SHELL-1,815,S4R,837,838,875,874
SHELL-1,816,S4R,838,839,876,875
SHELL-1,817,S4R,839,840,877,876
SHELL-1,818,S4R,840,841,878,877
SHELL-1,819,S4R,841,842,879,878
SHELL-1,820,S4R,842,843,880,879
SHELL-1,821,S4R,843,844,881,880
SHELL-1,822,S4R,844,845,882,881
SHELL-1,823,S4R,845,846,883,882
SHELL-1,824,S4R,846,847,884,883
SHELL-1,825,S4R,847,848,885,884
SHELL-1,826,S4R,848,849,886,885
SHELL-1,827,S4R,849,850,887,886
SHELL-1,828,S4R,850,851,888,887
SHELL-1,829,S4R,852,853,890,889
SHELL-1,830,S4R,853,854,891,890
SHELL-1,831,S4R,854,855,892,891
SHELL-1,832,S4R,855,856,893,892
SHELL-1,833,S4R,856,857,894,893
SHELL-1,834,S4R,857,858,895,894
SHELL-1,835,S4R,858,859,896,895
SHELL-1,836,S4R,859,860,897,896
SHELL-1,837,S4R,860,861,898,897
SHELL-1,838,S4R,861,862,899,898
SHELL-1,839,S4R,862,863,900,899
SHELL-1,840,S4R,863,864,901,900
SHELL-1,841,S4R,864,865,902,901
SHELL-1,842,S4R,865,866,903,902
SHELL-1,843,S4R,866,867,904,903
SHELL-1,844,S4R,867,868,905,904
SHELL-1,845,S4R,868,869,906,905
SHELL-1,846,S4R,869,870,907,906
SHELL-1,847,S4R,870,871,908,907
SHELL-1,848,S4R,871,872,909,908
SHELL-1,849,S4R,872,873,910,909
SHELL-1,850,S4R,873,874,911,910
SHELL-1,851,S4R,874,875,912,911
SHELL-1,852,S4R,875,876,913,912
SHELL-1,853,S4R,876,877,914,913
SHELL-1,854,S4R,877,878,915,914
SHELL-1,855,S4R,878,879,916,915
SHELL-1,856,S4R,879,880,917,916
SHELL-1,857,S4R,880,881,918,917
SHELL-1,858,S4R,881,882,919,918
SHELL-1,859,S4R,882,883,920,919
SHELL-1,860,S4R,883,884,921,920
SHELL-1,861,S4R,884,885,922,921
SHELL-1,862,S4R,885,886,923,922
SHELL-1,863,S4R,886,887,924,923
SHELL-1,864,S4R,887,888,925,924
SHELL-1,865,S4R,889,890,927,926
SHELL-1,866,S4R,890,891,928,927
SHELL-1,867,S4R,891,892,929,928
SHELL-1,868,S4R,892,893,930,929
SHELL-1,869,S4R,893,894,931,930
SHELL-1,870,S4R,894,895,932,931
SHELL-1,871,S4R,895,896,933,932
SHELL-1,872,S4R,896,897,934,933
SHELL-1,873,S4R,897,898,935,934
SHELL-1,874,S4R,898,899,936,935
SHELL-1,875,S4R,899,900,937,936
SHELL-1,876,S4R,900,901,938,937
SHELL-1,877,S4R,901,902,939,938
SHELL-1,878,S4R,902,903,940,939
SHELL-1,879,S4R,903,904,941,940
SHELL-1,880,S4R,904,905,942,941
SHELL-1,881,S4R,905,906,943,942
SHELL-1,882,S4R,906,907,944,943
SHELL-1,883,S4R,907,908,945,944
SHELL-1,884,S4R,908,909,946,945
SHELL-1,885,S4R,909,910,947,946
SHELL-1,886,S4R,910,911,948,947
SHELL-1,887,S4R,911,912,949,948
SHELL-1,888,S4R,912,913,950,949
SHELL-1,889,S4R,913,914,951,950
SHELL-1,890,S4R,914,915,952,951
SHELL-1,891,S4R,915,916,953,952
SHELL-1,892,S4R,916,917,954,953
SHELL-1,893,S4R,917,918,955,954
SHELL-1,894,S4R,918,919,956,955
SHELL-1,895,S4R,919,920,957,956
SHELL-1,896,S4R,920,921,958,957
SHELL-1,897,S4R,921,922,959,958
SHELL-1,898,S4R,922,923,960,959
SHELL-1,899,S4R,923,924,961,960
SHELL-1,900,S4R,924,925,962,961
SHELL-1,901,S4R,926,927,964,963
SHELL-1,902,S4R,927,928,965,964
SHELL-1,903,S4R,928,929,966,965
SHELL-1,904,S4R,929,930,967,966
SHELL-1,905,S4R,930,931,968,967
SHELL-1,906,S4R,931,932,969,968
SHELL-1,907,S4R,932,933,970,969
SHELL-1,908,S4R,933,934,971,970
SHELL-1,909,S4R,934,935,972,971
SHELL-1,910,S4R,935,936,973,972
SHELL-1,911,S4R,936,937,974,973
SHELL-1,912,S4R,937,938,975,974
SHELL-1,913,S4R,938,939,976,975
SHELL-1,914,S4R,939,940,977,976
SHELL-1,915,S4R,940,941,978,977
SHELL-1,916,S4R,941,942,979,978
SHELL-1,917,S4R,942,943,980,979
SHELL-1,918,S4R,943,944,981,980
SHELL-1,919,S4R,944,945,982,981
SHELL-1,920,S4R,945,946,983,982
SHELL-1,921,S4R,946,947,984,983
SHELL-1,922,S4R,947,948,985,984
SHELL-1,923,S4R,948,949,986,985
SHELL-1,924,S4R,949,950,987,986
SHELL-1,925,S4R,950,951,988,987
SHELL-1,926,S4R,951,952,989,988
SHELL-1,927,S4R,952,953,990,989
SHELL-1,928,S4R,953,954,991,990
SHELL-1,929,S4R,954,955,992,991
SHELL-1,930,S4R,955,956,993,992
SHELL-1,931,S4R,956,957,994,993
SHELL-1,932,S4R,957,958,995,994
SHELL-1,933,S4R,958,959,996,995
SHELL-1,934,S4R,959,960,997,996
SHELL-1,935,S4R,960,961,998,997
SHELL-1,936,S4R,961,962,999,998
SHELL-1,937,S4R,963,964,1001,1000
SHELL-1,938,S4R,964,965,1002,1001
SHELL-1,939,S4R,965,966,1003,1002
SHELL-1,940,S4R,966,967,1004,1003
SHELL-1,941,S4R,967,968,1005,1004
SHELL-1,942,S4R,968,969,1006,1005
SHELL-1,943,S4R,969,970,1007,1006
SHELL-1,944,S4R,970,971,1008,1007
SHELL-1,945,S4R,971,972,1009,1008
SHELL-1,946,S4R,972,973,1010,1009
SHELL-1,947,S4R,973,974,1011,1010
SHELL-1,948,S4R,974,975,1012,1011
SHELL-1,949,S4R,975,976,1013,1012
SHELL-1,950,S4R,976,977,1014,1013
SHELL-1,951,S4R,977,978,1015,1014
SHELL-1,952,S4R,978,979,1016,1015
SHELL-1,953,S4R,979,980,1017,1016
SHELL-1,954,S4R,980,981,1018,1017
SHELL-1,955,S4R,981,982,1019,1018
SHELL-1,956,S4R,982,983,1020,1019
SHELL-1,957,S4R,983,984,1021,1020
SHELL-1,958,S4R,984,985,1022,1021
SHELL-1,959,S4R,985,986,1023,1022
SHELL-1,960,S4R,986,987,1024,1023
SHELL-1,961,S4R,987,988,1025,1024
SHELL-1,962,S4R,988,989,1026,1025
SHELL-1,963,S4R,989,990,1027,1026
SHELL-1,964,S4R,990,991,1028,1027
SHELL-1,965,S4R,991,992,1029,1028
SHELL-1,966,S4R,992,993,1030,1029
SHELL-1,967,S4R,993,994,1031,1030
SHELL-1,968,S4R,994,995,1032,1031
SHELL-1,969,S4R,995,996,1033,1032
SHELL-1,970,S4R,996,997,1034,1033
SHELL-1,971,S4R,997,998,1035,1034
SHELL-1,972,S4R,998,999,1036,1035
SHELL-1,973,S4R,1000,1001,1038,1037
SHELL-1,974,S4R,1001,1002,1039,1038
SHELL-1,975,S4R,1002,1003,1040,1039
SHELL-1,976,S4R,1003,1004,1041,1040
SHELL-1,977,S4R,1004,1005,1042,1041
SHELL-1,978,S4R,1005,1006,1043,1042
SHELL-1,979,S4R,1006,1007,1044,1043
SHELL-1,980,S4R,1007,1008,1045,1044
SHELL-1,981,S4R,1008,1009,1046,1045
SHELL-1,982,S4R,1009,1010,1047,1046
SHELL-1,983,S4R,1010,1011,1048,1047
SHELL-1,984,S4R,1011,1012,1049,1048
SHELL-1,985,S4R,1012,1013,1050,1049
SHELL-1,986,S4R,1013,1014,1051,1050
SHELL-1,987,S4R,1014,1015,1052,1051
SHELL-1,988,S4R,1015,1016,1053,1052
SHELL-1,989,S4R,1016,1017,1054,1053
SHELL-1,990,S4R,1017,1018,1055,1054
SHELL-1,991,S4R,1018,1019,1056,1055
SHELL-1,992,S4R,1019,1020,1057,1056
SHELL-1,993,S4R,1020,1021,1058,1057
SHELL-1,994,S4R,1021,1022,1059,1058
SHELL-1,995,S4R,1022,1023,1060,1059
SHELL-1,996,S4R,1023,1024,1061,1060
SHELL-1,997,S4R,1024,1025,1062,1061
SHELL-1,998,S4R,1025,1026,1063,1062
SHELL-1,999,S4R,1026,1027,1064,1063
SHELL-1,1000,S4R,1027,1028,1065,1064
SHELL-1,1001,S4R,1028,1029,1066,1065
SHELL-1,1002,S4R,1029,1030,1067,1066
SHELL-1,1003,S4R,1030,1031,1068,1067
SHELL-1,1004,S4R,1031,1032,1069,1068
SHELL-1,1005,S4R,1032,1033,1070,1069
SHELL-1,1006,S4R,1033,1034,1071,1070
SHELL-1,1007,S4R,1034,1035,1072,1071
SHELL-1,1008,S4R,1035,1036,1073,1072
SHELL-1,1009,S4R,1037,1038,1075,1074
SHELL-1,1010,S4R,1038,1039,1076,1075
SHELL-1,1011,S4R,1039,1040,1077,1076
SHELL-1,1012,S4R,1040,1041,1078,1077
SHELL-1,1013,S4R,1041,1042,1079,1078
SHELL-1,1014,S4R,1042,1043,1080,1079
SHELL-1,1015,S4R,1043,1044,1081,1080
SHELL-1,1016,S4R,1044,1045,1082,1081
SHELL-1,1017,S4R,1045,1046,1083,1082
SHELL-1,1018,S4R,1046,1047,1084,1083
SHELL-1,1019,S4R,1047,1048,1085,1084
SHELL-1,1020,S4R,1048,1049,1086,1085
SHELL-1,1021,S4R,1049,1050,1087,1086
SHELL-1,1022,S4R,1050,1051,1088,1087
SHELL-1,1023,S4R,1051,1052,1089,1088
SHELL-1,1024,S4R,1052,1053,1090,1089
SHELL-1,1025,S4R,1053,1054,1091,1090
SHELL-1,1026,S4R,1054,1055,1092,1091
SHELL-1,1027,S4R,1055,1056,1093,1092
SHELL-1,1028,S4R,1056,1057,1094,1093
SHELL-1,1029,S4R,1057,1058,1095,1094
SHELL-1,1030,S4R,1058,1059,1096,1095
SHELL-1,1031,S4R,1059,1060,1097,1096
SHELL-1,1032,S4R,1060,1061,1098,1097
SHELL-1,1033,S4R,1061,1062,1099,1098
SHELL-1,1034,S4R,1062,1063,1100,1099
SHELL-1,1035,S4R,1063,1064,1101,1100
SHELL-1,1036,S4R,1064,1065,1102,1101
SHELL-1,1037,S4R,1065,1066,1103,1102
SHELL-1,1038,S4R,1066,1067,1104,1103
SHELL-1,1039,S4R,1067,1068,1105,1104
SHELL-1,1040,S4R,1068,1069,1106,1105
SHELL-1,1041,S4R,1069,1070,1107,1106
SHELL-1,1042,S4R,1070,1071,1108,1107
SHELL-1,1043,S4R,1071,1072,1109,1108
SHELL-1,1044,S4R,1072,1073,1110,1109
SHELL-1,1045,S4R,1074,1075,1112,1111
SHELL-1,1046,S4R,1075,1076,1113,1112
SHELL-1,1047,S4R,1076,1077,1114,1113
SHELL-1,1048,S4R,1077,1078,1115,1114
SHELL-1,1049,S4R,1078,1079,1116,1115
SHELL-1,1050,S4R,1079,1080,1117,1116
SHELL-1,1051,S4R,1080,1081,1118,1117
SHELL-1,1052,S4R,1081,1082,1119,1118
SHELL-1,1053,S4R,1082,1083,1120,1119
SHELL-1,1054,S4R,1083,1084,1121,1120
SHELL-1,1055,S4R,1084,1085,1122,1121
SHELL-1,1056,S4R,1085,1086,1123,1122
SHELL-1,1057,S4R,1086,1087,1124,1123
SHELL-1,1058,S4R,1087,1088,1125,1124
SHELL-1,1059,S4R,1088,1089,1126,1125
SHELL-1,1060,S4R,1089,1090,1127,1126
SHELL-1,1061,S4R,1090,1091,1128,1127
SHELL-1,1062,S4R,1091,1092,1129,1128
SHELL-1,1063,S4R,1092,1093,1130,1129
SHELL-1,1064,S4R,1093,1094,1131,1130
SHELL-1,1065,S4R,1094,1095,1132,1131
SHELL-1,1066,S4R,1095,1096,1133,1132
SHELL-1,1067,S4R,1096,1097,1134,1133
SHELL-1,1068,S4R,1097,1098,1135,1134
SHELL-1,1069,S4R,1098,1099,1136,1135
SHELL-1,1070,S4R,1099,1100,1137,1136
SHELL-1,1071,S4R,1100,1101,1138,1137
SHELL-1,1072,S4R,1101,1102,1139,1138
SHELL-1,1073,S4R,1102,1103,1140,1139
SHELL-1,1074,S4R,1103,1104,1141,1140
SHELL-1,1075,S4R,1104,1105,1142,1141
SHELL-1,1076,S4R,1105,1106,1143,1142
SHELL-1,1077,S4R,1106,1107,1144,1143
SHELL-1,1078,S4R,1107,1108,1145,1144
SHELL-1,1079,S4R,1108,1109,1146,1145
SHELL-1,1080,S4R,1109,1110,1147,1146
SHELL-1,1081,S4R,1111,1112,1149,1148
SHELL-1,1082,S4R,1112,1113,1150,1149
SHELL-1,1083,S4R,1113,1114,1151,1150
SHELL-1,1084,S4R,1114,1115,1152,1151
SHELL-1,1085,S4R,1115,1116,1153,1152
SHELL-1,1086,S4R,1116,1117,1154,1153
SHELL-1,1087,S4R,1117,1118,1155,1154
SHELL-1,1088,S4R,1118,1119,1156,1155
SHELL-1,1089,S4R,1119,1120,1157,1156
SHELL-1,1090,S4R,1120,1121,1158,1157
SHELL-1,1091,S4R,1121,1122,1159,1158
SHELL-1,1092,S4R,1122,1123,1160,1159
SHELL-1,1093,S4R,1123,1124,1161,1160
SHELL-1,1094,S4R,1124,1125,1162,1161
SHELL-1,1095,S4R,1125,1126,1163,1162
SHELL-1,1096,S4R,1126,1127,1164,1163
SHELL-1,1097,S4R,1127,1128,1165,1164
SHELL-1,1098,S4R,1128,1129,1166,1165
SHELL-1,1099,S4R,1129,1130,1167,1166
SHELL-1,1100,S4R,1130,1131,1168,1167
SHELL-1,1101,S4R,1131,1132,1169,1168
SHELL-1,1102,S4R,1132,1133,1170,1169
SHELL-1,1103,S4R,1133,1134,1171,1170
SHELL-1,1104,S4R,1134,1135,1172,1171
SHELL-1,1105,S4R,1135,1136,1173,1172
SHELL-1,1106,S4R,1136,1137,1174,1173
SHELL-1,1107,S4R,1137,1138,1175,1174
SHELL-1,1108,S4R,1138,1139,1176,1175
SHELL-1,1109,S4R,1139,1140,1177,1176
SHELL-1,1110,S4R,1140,1141,1178,1177
SHELL-1,1111,S4R,1141,1142,1179,1178
SHELL-1,1112,S4R,1142,1143,1180,1179
SHELL-1,1113,S4R,1143,1144,1181,1180
SHELL-1,1114,S4R,1144,1145,1182,1181
SHELL-1,1115,S4R,1145,1146,1183,1182
SHELL-1,1116,S4R,1146,1147,1184,1183
SHELL-1,1117,S4R,1148,1149,1186,1185
SHELL-1,1118,S4R,1149,1150,1187,1186
SHELL-1,1119,S4R,1150,1151,1188,1187
SHELL-1,1120,S4R,1151,1152,1189,1188
SHELL-1,1121,S4R,1152,1153,1190,1189
SHELL-1,1122,S4R,1153,1154,1191,1190
SHELL-1,1123,S4R,1154,1155,1192,1191
SHELL-1,1124,S4R,1155,1156,1193,1192
SHELL-1,1125,S4R,1156,1157,1194,1193
SHELL-1,1126,S4R,1157,1158,1195,1194
SHELL-1,1127,S4R,1158,1159,1196,1195
SHELL-1,1128,S4R,1159,1160,1197,1196
SHELL-1,1129,S4R,1160,1161,1198,1197
SHELL-1,1130,S4R,1161,1162,1199,1198
SHELL-1,1131,S4R,1162,1163,1200,1199
SHELL-1,1132,S4R,1163,1164,1201,1200
SHELL-1,1133,S4R,1164,1165,1202,1201
SHELL-1,1134,S4R,1165,1166,1203,1202
SHELL-1,1135,S4R,1166,1167,1204,1203
SHELL-1,1136,S4R,1167,1168,1205,1204
SHELL-1,1137,S4R,1168,1169,1206,1205
SHELL-1,1138,S4R,1169,1170,1207,1206
SHELL-1,1139,S4R,1170,1171,1208,1207
SHELL-1,1140,S4R,1171,1172,1209,1208
SHELL-1,1141,S4R,1172,1173,1210,1209
SHELL-1,1142,S4R,1173,1174,1211,1210
SHELL-1,1143,S4R,1174,1175,1212,1211
SHELL-1,1144,S4R,1175,1176,1213,1212
SHELL-1,1145,S4R,1176,1177,1214,1213
SHELL-1,1146,S4R,1177,1178,1215,1214
SHELL-1,1147,S4R,1178,1179,1216,1215
SHELL-1,1148,S4R,1179,1180,1217,1216
SHELL-1,1149,S4R,1180,1181,1218,1217
SHELL-1,1150,S4R,1181,1182,1219,1218
SHELL-1,1151,S4R,1182,1183,1220,1219
SHELL-1,1152,S4R,1183,1184,1221,1220
SHELL-1,1153,S4R,1185,1186,1223,1222
SHELL-1,1154,S4R,1186,1187,1224,1223
SHELL-1,1155,S4R,1187,1188,1225,1224
SHELL-1,1156,S4R,1188,1189,1226,1225
SHELL-1,1157,S4R,1189,1190,1227,1226
SHELL-1,1158,S4R,1190,1191,1228,1227
SHELL-1,1159,S4R,1191,1192,1229,1228
SHELL-1,1160,S4R,1192,1193,1230,1229
SHELL-1,1161,S4R,1193,1194,1231,1230
SHELL-1,1162,S4R,1194,1195,1232,1231
SHELL-1,1163,S4R,1195,1196,1233,1232
SHELL-1,1164,S4R,1196,1197,1234,1233
SHELL-1,1165,S4R,1197,1198,1235,1234
SHELL-1,1166,S4R,1198,1199,1236,1235
SHELL-1,1167,S4R,1199,1200,1237,1236
SHELL-1,1168,S4R,1200,1201,1238,1237
SHELL-1,1169,S4R,1201,1202,1239,1238
SHELL-1,1170,S4R,1202,1203,1240,1239
SHELL-1,1171,S4R,1203,1204,1241,1240
SHELL-1,1172,S4R,1204,1205,1242,1241
SHELL-1,1173,S4R,1205,1206,1243,1242
SHELL-1,1174,S4R,1206,1207,1244,1243
SHELL-1,1175,S4R,1207,1208,1245,1244
SHELL-1,1176,S4R,1208,1209,1246,1245
SHELL-1,1177,S4R,1209,1210,1247,1246
SHELL-1,1178,S4R,1210,1211,1248,1247
SHELL-1,1179,S4R,1211,1212,1249,1248
SHELL-1,1180,S4R,1212,1213,1250,1249
SHELL-1,1181,S4R,1213,1214,1251,1250
SHELL-1,1182,S4R,1214,1215,1252,1251
SHELL-1,1183,S4R,1215,1216,1253,1252
SHELL-1,1184,S4R,1216,1217,1254,1253
SHELL-1,1185,S4R,1217,1218,1255,1254
SHELL-1,1186,S4R,1218,1219,1256,1255
SHELL-1,1187,S4R,1219,1220,1257,1256
SHELL-1,1188,S4R,1220,1221,1258,1257
SHELL-1,1189,S4R,1222,1223,1260,1259
SHELL-1,1190,S4R,1223,1224,1261,1260
SHELL-1,1191,S4R,1224,1225,1262,1261
SHELL-1,1192,S4R,1225,1226,1263,1262
SHELL-1,1193,S4R,1226,1227,1264,1263
SHELL-1,1194,S4R,1227,1228,1265,1264
SHELL-1,1195,S4R,1228,1229,1266,1265
SHELL-1,1196,S4R,1229,1230,1267,1266
SHELL-1,1197,S4R,1230,1231,1268,1267
SHELL-1,1198,S4R,1231,1232,1269,1268
SHELL-1,1199,S4R,1232,1233,1270,1269
SHELL-1,1200,S4R,1233,1234,1271,1270
SHELL-1,1201,S4R,1234,1235,1272,1271
SHELL-1,1202,S4R,1235,1236,1273,1272
SHELL-1,1203,S4R,1236,1237,1274,1273
SHELL-1,1204,S4R,1237,1238,1275,1274
SHELL-1,1205,S4R,1238,1239,1276,1275
SHELL-1,1206,S4R,1239,1240,1277,1276
SHELL-1,1207,S4R,1240,1241,1278,1277
SHELL-1,1208,S4R,1241,1242,1279,1278
SHELL-1,1209,S4R,1242,1243,1280,1279
SHELL-1,1210,S4R,1243,1244,1281,1280
SHELL-1,1211,S4R,1244,1245,1282,1281
SHELL-1,1212,S4R,1245,1246,1283,1282
SHELL-1,1213,S4R,1246,1247,1284,1283
SHELL-1,1214,S4R,1247,1248,1285,1284
SHELL-1,1215,S4R,1248,1249,1286,1285
SHELL-1,1216,S4R,1249,1250,1287,1286
SHELL-1,1217,S4R,1250,1251,1288,1287
SHELL-1,1218,S4R,1251,1252,1289,1288
SHELL-1,1219,S4R,1252,1253,1290,1289
SHELL-1,1220,S4R,1253,1254,1291,1290
SHELL-1,1221,S4R,1254,1255,1292,1291
SHELL-1,1222,S4R,1255,1256,1293,1292
SHELL-1,1223,S4R,1256,1257,1294,1293
SHELL-1,1224,S4R,1257,1258,1295,1294
SHELL-1,1225,S4R,1259,1260,1297,1296
SHELL-1,1226,S4R,1260,1261,1298,1297
SHELL-1,1227,S4R,1261,1262,1299,1298
SHELL-1,1228,S4R,1262,1263,1300,1299
SHELL-1,1229,S4R,1263,1264,1301,1300
SHELL-1,1230,S4R,1264,1265,1302,1301
SHELL-1,1231,S4R,1265,1266,1303,1302
SHELL-1,1232,S4R,1266,1267,1304,1303
SHELL-1,1233,S4R,1267,1268,1305,1304
SHELL-1,1234,S4R,1268,1269,1306,1305
SHELL-1,1235,S4R,1269,1270,1307,1306
SHELL-1,1236,S4R,1270,1271,1308,1307
SHELL-1,1237,S4R,1271,1272,1309,1308
SHELL-1,1238,S4R,1272,1273,1310,1309
SHELL-1,1239,S4R,1273,1274,1311,1310
SHELL-1,1240,S4R,1274,1275,1312,1311
SHELL-1,1241,S4R,1275,1276,1313,1312
SHELL-1,1242,S4R,1276,1277,1314,1313
SHELL-1,1243,S4R,1277,1278,1315,1314
SHELL-1,1244,S4R,1278,1279,1316,1315
SHELL-1,1245,S4R,1279,1280,1317,1316
SHELL-1,1246,S4R,1280,1281,1318,1317
SHELL-1,1247,S4R,1281,1282,1319,1318
SHELL-1,1248,S4R,1282,1283,1320,1319
SHELL-1,1249,S4R,1283,1284,1321,1320
SHELL-1,1250,S4R,1284,1285,1322,1321
SHELL-1,1251,S4R,1285,1286,1323,1322
SHELL-1,1252,S4R,1286,1287,1324,1323
SHELL-1,1253,S4R,1287,1288,1325,1324
SHELL-1,1254,S4R,1288,1289,1326,1325
SHELL-1,1255,S4R,1289,1290,1327,1326
SHELL-1,1256,S4R,1290,1291,1328,1327
SHELL-1,1257,S4R,1291,1292,1329,1328
SHELL-1,1258,S4R,1292,1293,1330,1329
SHELL-1,1259,S4R,1293,1294,1331,1330
SHELL-1,1260,S4R,1294,1295,1332,1331
SHELL-1,1261,S4R,1296,1297,1334,1333
SHELL-1,1262,S4R,1297,1298,1335,1334
SHELL-1,1263,S4R,1298,1299,1336,1335
SHELL-1,1264,S4R,1299,1300,1337,1336
SHELL-1,1265,S4R,1300,1301,1338,1337
SHELL-1,1266,S4R,1301,1302,1339,1338
SHELL-1,1267,S4R,1302,1303,1340,1339
SHELL-1,1268,S4R,1303,1304,1341,1340
SHELL-1,1269,S4R,1304,1305,1342,1341
SHELL-1,1270,S4R,1305,1306,1343,1342
SHELL-1,1271,S4R,1306,1307,1344,1343
SHELL-1,1272,S4R,1307,1308,1345,1344
SHELL-1,1273,S4R,1308,1309,1346,1345
SHELL-1,1274,S4R,1309,1310,1347,1346
SHELL-1,1275,S4R,1310,1311,1348,1347
SHELL-1,1276,S4R,1311,1312,1349,1348
SHELL-1,1277,S4R,1312,1313,1350,1349
SHELL-1,1278,S4R,1313,1314,1351,1350
SHELL-1,1279,S4R,1314,1315,1352,1351
SHELL-1,1280,S4R,1315,1316,1353,1352
SHELL-1,1281,S4R,1316,1317,1354,1353
SHELL-1,1282,S4R,1317,1318,1355,1354
SHELL-1,1283,S4R,1318,1319,1356,1355
SHELL-1,1284,S4R,1319,1320,1357,1356
SHELL-1,1285,S4R,1320,1321,1358,1357
SHELL-1,1286,S4R,1321,1322,1359,1358
SHELL-1,1287,S4R,1322,1323,1360,1359
SHELL-1,1288,S4R,1323,1324,1361,1360
SHELL-1,1289,S4R,1324,1325,1362,1361
SHELL-1,1290,S4R,1325,1326,1363,1362
SHELL-1,1291,S4R,1326,1327,1364,1363
SHELL-1,1292,S4R,1327,1328,1365,1364
SHELL-1,1293,S4R,1328,1329,1366,1365
SHELL-1,1294,S4R,1329,1330,1367,1366
SHELL-1,1295,S4R,1330,1331,1368,1367
SHELL-1,1296,S4R,1331,1332,1369,1368
SHELL-1,1297,S4R,1333,1334,1371,1370
SHELL-1,1298,S4R,1334,1335,1372,1371
SHELL-1,1299,S4R,1335,1336,1373,1372
SHELL-1,1300,S4R,1336,1337,1374,1373
SHELL-1,1301,S4R,1337,1338,1375,1374
SHELL-1,1302,S4R,1338,1339,1376,1375
SHELL-1,1303,S4R,1339,1340,1377,1376
SHELL-1,1304,S4R,1340,1341,1378,1377
SHELL-1,1305,S4R,1341,1342,1379,1378
SHELL-1,1306,S4R,1342,1343,1380,1379
SHELL-1,1307,S4R,1343,1344,1381,1380
SHELL-1,1308,S4R,1344,1345,1382,1381
SHELL-1,1309,S4R,1345,1346,1383,1382
SHELL-1,1310,S4R,1346,1347,1384,1383
SHELL-1,1311,S4R,1347,1348,1385,1384
SHELL-1,1312,S4R,1348,1349,1386,1385
SHELL-1,1313,S4R,1349,1350,1387,1386
SHELL-1,1314,S4R,1350,1351,1388,1387
SHELL-1,1315,S4R,1351,1352,1389,1388
SHELL-1,1316,S4R,1352,1353,1390,1389
SHELL-1,1317,S4R,1353,1354,1391,1390
SHELL-1,1318,S4R,1354,1355,1392,1391
SHELL-1,1319,S4R,1355,1356,1393,1392
SHELL-1,1320,S4R,1356,1357,1394,1393
SHELL-1,1321,S4R,1357,1358,1395,1394
SHELL-1,1322,S4R,1358,1359,1396,1395
SHELL-1,1323,S4R,1359,1360,1397,1396
SHELL-1,1324,S4R,1360,1361,1398,1397
SHELL-1,1325,S4R,1361,1362,1399,1398
SHELL-1,1326,S4R,1362,1363,1400,1399
SHELL-1,1327,S4R,1363,1364,1401,1400
SHELL-1,1328,S4R,1364,1365,1402,1401
SHELL-1,1329,S4R,1365,1366,1403,1402
SHELL-1,1330,S4R,1366,1367,1404,1403
SHELL-1,1331,S4R,1367,1368,1405,1404
SHELL-1,1332,S4R,1368,1369,1406,1405
SHELL-1,1333,S4R,1370,1371,1408,1407
SHELL-1,1334,S4R,1371,1372,1409,1408
SHELL-1,1335,S4R,1372,1373,1410,1409
SHELL-1,1336,S4R,1373,1374,1411,1410
SHELL-1,1337,S4R,1374,1375,1412,1411
SHELL-1,1338,S4R,1375,1376,1413,1412
SHELL-1,1339,S4R,1376,1377,1414,1413
SHELL-1,1340,S4R,1377,1378,1415,1414
SHELL-1,1341,S4R,1378,1379,1416,1415
SHELL-1,1342,S4R,1379,1380,1417,1416
SHELL-1,1343,S4R,1380,1381,1418,1417
SHELL-1,1344,S4R,1381,1382,1419,1418
SHELL-1,1345,S4R,1382,1383,1420,1419
SHELL-1,1346,S4R,1383,1384,1421,1420
SHELL-1,1347,S4R,1384,1385,1422,1421
SHELL-1,1348,S4R,1385,1386,1423,1422
SHELL-1,1349,S4R,1386,1387,1424,1423
SHELL-1,1350,S4R,1387,1388,1425,1424
SHELL-1,1351,S4R,1388,1389,1426,1425
SHELL-1,1352,S4R,1389,1390,1427,1426
SHELL-1,1353,S4R,1390,1391,1428,1427
SHELL-1,1354,S4R,1391,1392,1429,1428
SHELL-1,1355,S4R,1392,1393,1430,1429
SHELL-1,1356,S4R,1393,1394,1431,1430
SHELL-1,1357,S4R,1394,1395,1432,1431
SHELL-1,1358,S4R,1395,1396,1433,1432
SHELL-1,1359,S4R,1396,1397,1434,1433
SHELL-1,1360,S4R,1397,1398,1435,1434
SHELL-1,1361,S4R,1398,1399,1436,1435
SHELL-1,1362,S4R,1399,1400,1437,1436
SHELL-1,1363,S4R,1400,1401,1438,1437
SHELL-1,1364,S4R,1401,1402,1439,1438
SHELL-1,1365,S4R,1402,1403,1440,1439
SHELL-1,1366,S4R,1403,1404,1441,1440
SHELL-1,1367,S4R,1404,1405,1442,1441
SHELL-1,1368,S4R,1405,1406,1443,1442
SHELL-1,1369,S4R,1407,1408,1445,1444
SHELL-1,1370,S4R,1408,1409,1446,1445
SHELL-1,1371,S4R,1409,1410,1447,1446
SHELL-1,1372,S4R,1410,1411,1448,1447
SHELL-1,1373,S4R,1411,1412,1449,1448
SHELL-1,1374,S4R,1412,1413,1450,1449
SHELL-1,1375,S4R,1413,1414,1451,1450
SHELL-1,1376,S4R,1414,1415,1452,1451
SHELL-1,1377,S4R,1415,1416,1453,1452
SHELL-1,1378,S4R,1416,1417,1454,1453
SHELL-1,1379,S4R,1417,1418,1455,1454
SHELL-1,1380,S4R,1418,1419,1456,1455
SHELL-1,1381,S4R,1419,1420,1457,1456
SHELL-1,1382,S4R,1420,1421,1458,1457
SHELL-1,1383,S4R,1421,1422,1459,1458
SHELL-1,1384,S4R,1422,1423,1460,1459
SHELL-1,1385,S4R,1423,1424,1461,1460
SHELL-1,1386,S4R,1424,1425,1462,1461
SHELL-1,1387,S4R,1425,1426,1463,1462
SHELL-1,1388,S4R,1426,1427,1464,1463
SHELL-1,1389,S4R,1427,1428,1465,1464
SHELL-1,1390,S4R,1428,1429,1466,1465
SHELL-1,1391,S4R,1429,1430,1467,1466
SHELL-1,1392,S4R,1430,1431,1468,1467
SHELL-1,1393,S4R,1431,1432,1469,1468
SHELL-1,1394,S4R,1432,1433,1470,1469
SHELL-1,1395,S4R,1433,1434,1471,1470
SHELL-1,1396,S4R,1434,1435,1472,1471
SHELL-1,1397,S4R,1435,1436,1473,1472
SHELL-1,1398,S4R,1436,1437,1474,1473
SHELL-1,1399,S4R,1437,1438,1475,1474
SHELL-1,1400,S4R,1438,1439,1476,1475
SHELL-1,1401,S4R,1439,1440,1477,1476
SHELL-1,1402,S4R,1440,1441,1478,1477
SHELL-1,1403,S4R,1441,1442,1479,1478
SHELL-1,1404,S4R,1442,1443,1480,1479
SHELL-1,1405,S4R,1444,1445,1482,1481
SHELL-1,1406,S4R,1445,1446,1483,1482
SHELL-1,1407,S4R,1446,1447,1484,1483
SHELL-1,1408,S4R,1447,1448,1485,1484
SHELL-1,1409,S4R,1448,1449,1486,1485
SHELL-1,1410,S4R,1449,1450,1487,1486
SHELL-1,1411,S4R,1450,1451,1488,1487
SHELL-1,1412,S4R,1451,1452,1489,1488
SHELL-1,1413,S4R,1452,1453,1490,1489
SHELL-1,1414,S4R,1453,1454,1491,1490
SHELL-1,1415,S4R,1454,1455,1492,1491
SHELL-1,1416,S4R,1455,1456,1493,1492
SHELL-1,1417,S4R,1456,1457,1494,1493
SHELL-1,1418,S4R,1457,1458,1495,1494
SHELL-1,1419,S4R,1458,1459,1496,1495
SHELL-1,1420,S4R,1459,1460,1497,1496
SHELL-1,1421,S4R,1460,1461,1498,1497
SHELL-1,1422,S4R,1461,1462,1499,1498
SHELL-1,1423,S4R,1462,1463,1500,1499
SHELL-1,1424,S4R,1463,1464,1501,1500
SHELL-1,1425,S4R,1464,1465,1502,1501
SHELL-1,1426,S4R,1465,1466,1503,1502
SHELL-1,1427,S4R,1466,1467,1504,1503
SHELL-1,1428,S4R,1467,1468,1505,1504
SHELL-1,1429,S4R,1468,1469,1506,1505
SHELL-1,1430,S4R,1469,1470,1507,1506
SHELL-1,1431,S4R,1470,1471,1508,1507
SHELL-1,1432,S4R,1471,1472,1509,1508
SHELL-1,1433,S4R,1472,1473,1510,1509
SHELL-1,1434,S4R,1473,1474,1511,1510
SHELL-1,1435,S4R,1474,1475,1512,1511
SHELL-1,1436,S4R,1475,1476,1513,1512
SHELL-1,1437,S4R,1476,1477,1514,1513
SHELL-1,1438,S4R,1477,1478,1515,1514
SHELL-1,1439,S4R,1478,1479,1516,1515
SHELL-1,1440,S4R,1479,1480,1517,1516
SHELL-1,1441,S4R,1481,1482,1519,1518
SHELL-1,1442,S4R,1482,1483,1520,1519
SHELL-1,1443,S4R,1483,1484,1521,1520
SHELL-1,1444,S4R,1484,1485,1522,1521
SHELL-1,1445,S4R,1485,1486,1523,1522
SHELL-1,1446,S4R,1486,1487,1524,1523
SHELL-1,1447,S4R,1487,1488,1525,1524
SHELL-1,1448,S4R,1488,1489,1526,1525
SHELL-1,1449,S4R,1489,1490,1527,1526
SHELL-1,1450,S4R,1490,1491,1528,1527
SHELL-1,1451,S4R,1491,1492,1529,1528
SHELL-1,1452,S4R,1492,1493,1530,1529
SHELL-1,1453,S4R,1493,1494,1531,1530
SHELL-1,1454,S4R,1494,1495,1532,1531
SHELL-1,1455,S4R,1495,1496,1533,1532
SHELL-1,1456,S4R,1496,1497,1534,1533
SHELL-1,1457,S4R,1497,1498,1535,1534
SHELL-1,1458,S4R,1498,1499,1536,1535
SHELL-1,1459,S4R,1499,1500,1537,1536
SHELL-1,1460,S4R,1500,1501,1538,1537
SHELL-1,1461,S4R,1501,1502,1539,1538
SHELL-1,1462,S4R,1502,1503,1540,1539
SHELL-1,1463,S4R,1503,1504,1541,1540
SHELL-1,1464,S4R,1504,1505,1542,1541
SHELL-1,1465,S4R,1505,1506,1543,1542
SHELL-1,1466,S4R,1506,1507,1544,1543
SHELL-1,1467,S4R,1507,1508,1545,1544
SHELL-1,1468,S4R,1508,1509,1546,1545
SHELL-1,1469,S4R,1509,1510,1547,1546
SHELL-1,1470,S4R,1510,1511,1548,1547
SHELL-1,1471,S4R,1511,1512,1549,1548
SHELL-1,1472,S4R,1512,1513,1550,1549
SHELL-1,1473,S4R,1513,1514,1551,1550
SHELL-1,1474,S4R,1514,1515,1552,1551
SHELL-1,1475,S4R,1515,1516,1553,1552
SHELL-1,1476,S4R,1516,1517,1554,1553
SHELL-1,1477,S4R,1518,1519,1556,1555
SHELL-1,1478,S4R,1519,1520,1557,1556
SHELL-1,1479,S4R,1520,1521,1558,1557
SHELL-1,1480,S4R,1521,1522,1559,1558
SHELL-1,1481,S4R,1522,1523,1560,1559
SHELL-1,1482,S4R,1523,1524,1561,1560
SHELL-1,1483,S4R,1524,1525,1562,1561
SHELL-1,1484,S4R,1525,1526,1563,1562
SHELL-1,1485,S4R,1526,1527,1564,1563
SHELL-1,1486,S4R,1527,1528,1565,1564
SHELL-1,1487,S4R,1528,1529,1566,1565
SHELL-1,1488,S4R,1529,1530,1567,1566
SHELL-1,1489,S4R,1530,1531,1568,1567
SHELL-1,1490,S4R,1531,1532,1569,1568
SHELL-1,1491,S4R,1532,1533,1570,1569
SHELL-1,1492,S4R,1533,1534,1571,1570
SHELL-1,1493,S4R,1534,1535,1572,1571
SHELL-1,1494,S4R,1535,1536,1573,1572
SHELL-1,1495,S4R,1536,1537,1574,1573
SHELL-1,1496,S4R,1537,1538,1575,1574
SHELL-1,1497,S4R,1538,1539,1576,1575
SHELL-1,1498,S4R,1539,1540,1577,1576
SHELL-1,1499,S4R,1540,1541,1578,1577
SHELL-1,1500,S4R,1541,1542,1579,1578
SHELL-1,1501,S4R,1542,1543,1580,1579
SHELL-1,1502,S4R,1543,1544,1581,1580
SHELL-1,1503,S4R,1544,1545,1582,1581
SHELL-1,1504,S4R,1545,1546,1583,1582
SHELL-1,1505,S4R,1546,1547,1584,1583
SHELL-1,1506,S4R,1547,1548,1585,1584
SHELL-1,1507,S4R,1548,1549,1586,1585
SHELL-1,1508,S4R,1549,1550,1587,1586
SHELL-1,1509,S4R,1550,1551,1588,1587
SHELL-1,1510,S4R,1551,1552,1589,1588
SHELL-1,1511,S4R,1552,1553,1590,1589
SHELL-1,1512,S4R,1553,1554,1591,1590
SHELL-1,1513,S4R,1555,1556,1593,1592
SHELL-1,1514,S4R,1556,1557,1594,1593
SHELL-1,1515,S4R,1557,1558,1595,1594
SHELL-1,1516,S4R,1558,1559,1596,1595
SHELL-1,1517,S4R,1559,1560,1597,1596
SHELL-1,1518,S4R,1560,1561,1598,1597
SHELL-1,1519,S4R,1561,1562,1599,1598
SHELL-1,1520,S4R,1562,1563,1600,1599
SHELL-1,1521,S4R,1563,1564,1601,1600
SHELL-1,1522,S4R,1564,1565,1602,1601
SHELL-1,1523,S4R,1565,1566,1603,1602
SHELL-1,1524,S4R,1566,1567,1604,1603
SHELL-1,1525,S4R,1567,1568,1605,1604
SHELL-1,1526,S4R,1568,1569,1606,1605
SHELL-1,1527,S4R,1569,1570,1607,1606
SHELL-1,1528,S4R,1570,1571,1608,1607
SHELL-1,1529,S4R,1571,1572,1609,1608
SHELL-1,1530,S4R,1572,1573,1610,1609
SHELL-1,1531,S4R,1573,1574,1611,1610
SHELL-1,1532,S4R,1574,1575,1612,1611
SHELL-1,1533,S4R,1575,1576,1613,1612
SHELL-1,1534,S4R,1576,1577,1614,1613
SHELL-1,1535,S4R,1577,1578,1615,1614
SHELL-1,1536,S4R,1578,1579,1616,1615
SHELL-1,1537,S4R,1579,1580,1617,1616
SHELL-1,1538,S4R,1580,1581,1618,1617
SHELL-1,1539,S4R,1581,1582,1619,1618
SHELL-1,1540,S4R,1582,1583,1620,1619
SHELL-1,1541,S4R,1583,1584,1621,1620
SHELL-1,1542,S4R,1584,1585,1622,1621
SHELL-1,1543,S4R,1585,1586,1623,1622
SHELL-1,1544,S4R,1586,1587,1624,1623
SHELL-1,1545,S4R,1587,1588,1625,1624
SHELL-1,1546,S4R,1588,1589,1626,1625
SHELL-1,1547,S4R,1589,1590,1627,1626
SHELL-1,1548,S4R,1590,1591,1628,1627
SHELL-1,1549,S4R,1592,1593,1630,1629
SHELL-1,1550,S4R,1593,1594,1631,1630
SHELL-1,1551,S4R,1594,1595,1632,1631
SHELL-1,1552,S4R,1595,1596,1633,1632
SHELL-1,1553,S4R,1596,1597,1634,1633
SHELL-1,1554,S4R,1597,1598,1635,1634
SHELL-1,1555,S4R,1598,1599,1636,1635
SHELL-1,1556,S4R,1599,1600,1637,1636
SHELL-1,1557,S4R,1600,1601,1638,1637
SHELL-1,1558,S4R,1601,1602,1639,1638
SHELL-1,1559,S4R,1602,1603,1640,1639
SHELL-1,1560,S4R,1603,1604,1641,1640
SHELL-1,1561,S4R,1604,1605,1642,1641
SHELL-1,1562,S4R,1605,1606,1643,1642
SHELL-1,1563,S4R,1606,1607,1644,1643
SHELL-1,1564,S4R,1607,1608,1645,1644
SHELL-1,1565,S4R,1608,1609,1646,1645
SHELL-1,1566,S4R,1609,1610,1647,1646
SHELL-1,1567,S4R,1610,1611,1648,1647
SHELL-1,1568,S4R,1611,1612,1649,1648
SHELL-1,1569,S4R,1612,1613,1650,1649
SHELL-1,1570,S4R,1613,1614,1651,1650
SHELL-1,1571,S4R,1614,1615,1652,1651
SHELL-1,1572,S4R,1615,1616,1653,1652
SHELL-1,1573,S4R,1616,1617,1654,1653
SHELL-1,1574,S4R,1617,1618,1655,1654
SHELL-1,1575,S4R,1618,1619,1656,1655
SHELL-1,1576,S4R,1619,1620,1657,1656
SHELL-1,1577,S4R,1620,1621,1658,1657
SHELL-1,1578,S4R,1621,1622,1659,1658
SHELL-1,1579,S4R,1622,1623,1660,1659
SHELL-1,1580,S4R,1623,1624,1661,1660
SHELL-1,1581,S4R,1624,1625,1662,1661
SHELL-1,1582,S4R,1625,1626,1663,1662
SHELL-1,1583,S4R,1626,1627,1664,1663
SHELL-1,1584,S4R,1627,1628,1665,1664
SHELL-1,1585,S4R,1629,1630,1667,1666
SHELL-1,1586,S4R,1630,1631,1668,1667
SHELL-1,1587,S4R,1631,1632,1669,1668
SHELL-1,1588,S4R,1632,1633,1670,1669
SHELL-1,1589,S4R,1633,1634,1671,1670
SHELL-1,1590,S4R,1634,1635,1672,1671
SHELL-1,1591,S4R,1635,1636,1673,1672
SHELL-1,1592,S4R,1636,1637,1674,1673
SHELL-1,1593,S4R,1637,1638,1675,1674
SHELL-1,1594,S4R,1638,1639,1676,1675
SHELL-1,1595,S4R,1639,1640,1677,1676
SHELL-1,1596,S4R,1640,1641,1678,1677
SHELL-1,1597,S4R,1641,1642,1679,1678
SHELL-1,1598,S4R,1642,1643,1680,1679
SHELL-1,1599,S4R,1643,1644,1681,1680
SHELL-1,1600,S4R,1644,1645,1682,1681
SHELL-1,1601,S4R,1645,1646,1683,1682
SHELL-1,1602,S4R,1646,1647,1684,1683
SHELL-1,1603,S4R,1647,1648,1685,1684
SHELL-1,1604,S4R,1648,1649,1686,1685
SHELL-1,1605,S4R,1649,1650,1687,1686
SHELL-1,1606,S4R,1650,1651,1688,1687
SHELL-1,1607,S4R,1651,1652,1689,1688
SHELL-1,1608,S4R,1652,1653,1690,1689
SHELL-1,1609,S4R,1653,1654,1691,1690
SHELL-1,1610,S4R,1654,1655,1692,1691
SHELL-1,1611,S4R,1655,1656,1693,1692
SHELL-1,1612,S4R,1656,1657,1694,1693
SHELL-1,1613,S4R,1657,1658,1695,1694
SHELL-1,1614,S4R,1658,1659,1696,1695
SHELL-1,1615,S4R,1659,1660,1697,1696
SHELL-1,1616,S4R,1660,1661,1698,1697
SHELL-1,1617,S4R,1661,1662,1699,1698
SHELL-1,1618,S4R,1662,1663,1700,1699
SHELL-1,1619,S4R,1663,1664,1701,1700
SHELL-1,1620,S4R,1664,1665,1702,1701
SHELL-1,1621,S4R,1666,1667,1704,1703
SHELL-1,1622,S4R,1667,1668,1705,1704
SHELL-1,1623,S4R,1668,1669,1706,1705
SHELL-1,1624,S4R,1669,1670,1707,1706
SHELL-1,1625,S4R,1670,1671,1708,1707
SHELL-1,1626,S4R,1671,1672,1709,1708
SHELL-1,1627,S4R,1672,1673,1710,1709
SHELL-1,1628,S4R,1673,1674,1711,1710
SHELL-1,1629,S4R,1674,1675,1712,1711
SHELL-1,1630,S4R,1675,1676,1713,1712
SHELL-1,1631,S4R,1676,1677,1714,1713
SHELL-1,1632,S4R,1677,1678,1715,1714
SHELL-1,1633,S4R,1678,1679,1716,1715
SHELL-1,1634,S4R,1679,1680,1717,1716
SHELL-1,1635,S4R,1680,1681,1718,1717
SHELL-1,1636,S4R,1681,1682,1719,1718
SHELL-1,1637,S4R,1682,1683,1720,1719
SHELL-1,1638,S4R,1683,1684,1721,1720
SHELL-1,1639,S4R,1684,1685,1722,1721
SHELL-1,1640,S4R,1685,1686,1723,1722
SHELL-1,1641,S4R,1686,1687,1724,1723
SHELL-1,1642,S4R,1687,1688,1725,1724
SHELL-1,1643,S4R,1688,1689,1726,1725
SHELL-1,1644,S4R,1689,1690,1727,1726
SHELL-1,1645,S4R,1690,1691,1728,1727
SHELL-1,1646,S4R,1691,1692,1729,1728
SHELL-1,1647,S4R,1692,1693,1730,1729
SHELL-1,1648,S4R,1693,1694,1731,1730
SHELL-1,1649,S4R,1694,1695,1732,1731
SHELL-1,1650,S4R,1695,1696,1733,1732
SHELL-1,1651,S4R,1696,1697,1734,1733
SHELL-1,1652,S4R,1697,1698,1735,1734
SHELL-1,1653,S4R,1698,1699,1736,1735
SHELL-1,1654,S4R,1699,1700,1737,1736
SHELL-1,1655,S4R,1700,1701,1738,1737
SHELL-1,1656,S4R,1701,1702,1739,1738
SHELL-1,1657,S4R,1703,1704,1741,1740
SHELL-1,1658,S4R,1704,1705,1742,1741
SHELL-1,1659,S4R,1705,1706,1743,1742
SHELL-1,1660,S4R,1706,1707,1744,1743
SHELL-1,1661,S4R,1707,1708,1745,1744
SHELL-1,1662,S4R,1708,1709,1746,1745
SHELL-1,1663,S4R,1709,1710,1747,1746
SHELL-1,1664,S4R,1710,1711,1748,1747
SHELL-1,1665,S4R,1711,1712,1749,1748
SHELL-1,1666,S4R,1712,1713,1750,1749
SHELL-1,1667,S4R,1713,1714,1751,1750
SHELL-1,1668,S4R,1714,1715,1752,1751
SHELL-1,1669,S4R,1715,1716,1753,1752
SHELL-1,1670,S4R,1716,1717,1754,1753
SHELL-1,1671,S4R,1717,1718,1755,1754
SHELL-1,1672,S4R,1718,1719,1756,1755
SHELL-1,1673,S4R,1719,1720,1757,1756
SHELL-1,1674,S4R,1720,1721,1758,1757
SHELL-1,1675,S4R,1721,1722,1759,1758
SHELL-1,1676,S4R,1722,1723,1760,1759
SHELL-1,1677,S4R,1723,1724,1761,1760
SHELL-1,1678,S4R,1724,1725,1762,1761
SHELL-1,1679,S4R,1725,1726,1763,1762
SHELL-1,1680,S4R,1726,1727,1764,1763
SHELL-1,1681,S4R,1727,1728,1765,1764
SHELL-1,1682,S4R,1728,1729,1766,1765
SHELL-1,1683,S4R,1729,1730,1767,1766
SHELL-1,1684,S4R,1730,1731,1768,1767
SHELL-1,1685,S4R,1731,1732,1769,1768
SHELL-1,1686,S4R,1732,1733,1770,1769
SHELL-1,1687,S4R,1733,1734,1771,1770
SHELL-1,1688,S4R,1734,1735,1772,1771
SHELL-1,1689,S4R,1735,1736,1773,1772
SHELL-1,1690,S4R,1736,1737,1774,1773
SHELL-1,1691,S4R,1737,1738,1775,1774
SHELL-1,1692,S4R,1738,1739,1776,1775
SHELL-1,1693,S4R,1740,1741,1778,1777
SHELL-1,1694,S4R,1741,1742,1779,1778
SHELL-1,1695,S4R,1742,1743,1780,1779
SHELL-1,1696,S4R,1743,1744,1781,1780
SHELL-1,1697,S4R,1744,1745,1782,1781
SHELL-1,1698,S4R,1745,1746,1783,1782
SHELL-1,1699,S4R,1746,1747,1784,1783
SHELL-1,1700,S4R,1747,1748,1785,1784
SHELL-1,1701,S4R,1748,1749,1786,1785
SHELL-1,1702,S4R,1749,1750,1787,1786
SHELL-1,1703,S4R,1750,1751,1788,1787
SHELL-1,1704,S4R,1751,1752,1789,1788
SHELL-1,1705,S4R,1752,1753,1790,1789
SHELL-1,1706,S4R,1753,1754,1791,1790
SHELL-1,1707,S4R,1754,1755,1792,1791
SHELL-1,1708,S4R,1755,1756,1793,1792
SHELL-1,1709,S4R,1756,1757,1794,1793
SHELL-1,1710,S4R,1757,1758,1795,1794
SHELL-1,1711,S4R,1758,1759,1796,1795
SHELL-1,1712,S4R,1759,1760,1797,1796
SHELL-1,1713,S4R,1760,1761,1798,1797
SHELL-1,1714,S4R,1761,1762,1799,1798
SHELL-1,1715,S4R,1762,1763,1800,1799
SHELL-1,1716,S4R,1763,1764,1801,1800
SHELL-1,1717,S4R,1764,1765,1802,1801
SHELL-1,1718,S4R,1765,1766,1803,1802
SHELL-1,1719,S4R,1766,1767,1804,1803
SHELL-1,1720,S4R,1767,1768,1805,1804
SHELL-1,1721,S4R,1768,1769,1806,1805
SHELL-1,1722,S4R,1769,1770,1807,1806
SHELL-1,1723,S4R,1770,1771,1808,1807
SHELL-1,1724,S4R,1771,1772,1809,1808
SHELL-1,1725,S4R,1772,1773,1810,1809
SHELL-1,1726,S4R,1773,1774,1811,1810
SHELL-1,1727,S4R,1774,1775,1812,1811
SHELL-1,1728,S4R,1775,1776,1813,1812
SHELL-1,1729,S4R,1777,1778,1815,1814
SHELL-1,1730,S4R,1778,1779,1816,1815
SHELL-1,1731,S4R,1779,1780,1817,1816
SHELL-1,1732,S4R,1780,1781,1818,1817
SHELL-1,1733,S4R,1781,1782,1819,1818
SHELL-1,1734,S4R,1782,1783,1820,1819
SHELL-1,1735,S4R,1783,1784,1821,1820
SHELL-1,1736,S4R,1784,1785,1822,1821
SHELL-1,1737,S4R,1785,1786,1823,1822
SHELL-1,1738,S4R,1786,1787,1824,1823
SHELL-1,1739,S4R,1787,1788,1825,1824
SHELL-1,1740,S4R,1788,1789,1826,1825
SHELL-1,1741,S4R,1789,1790,1827,1826
SHELL-1,1742,S4R,1790,1791,1828,1827
SHELL-1,1743,S4R,1791,1792,1829,1828
SHELL-1,1744,S4R,1792,1793,1830,1829
SHELL-1,1745,S4R,1793,1794,1831,1830
SHELL-1,1746,S4R,1794,1795,1832,1831
SHELL-1,1747,S4R,1795,1796,1833,1832
SHELL-1,1748,S4R,1796,1797,1834,1833
SHELL-1,1749,S4R,1797,1798,1835,1834
SHELL-1,1750,S4R,1798,1799,1836,1835
SHELL-1,1751,S4R,1799,1800,1837,1836
SHELL-1,1752,S4R,1800,1801,1838,1837
SHELL-1,1753,S4R,1801,1802,1839,1838
SHELL-1,1754,S4R,1802,1803,1840,1839
SHELL-1,1755,S4R,1803,1804,1841,1840
SHELL-1,1756,S4R,1804,1805,1842,1841
SHELL-1,1757,S4R,1805,1806,1843,1842
SHELL-1,1758,S4R,1806,1807,1844,1843
SHELL-1,1759,S4R,1807,1808,1845,1844
SHELL-1,1760,S4R,1808,1809,1846,1845
SHELL-1,1761,S4R,1809,1810,1847,1846
SHELL-1,1762,S4R,1810,1811,1848,1847
SHELL-1,1763,S4R,1811,1812,1849,1848
SHELL-1,1764,S4R,1812,1813,1850,1849
SHELL-1,1765,S4R,1814,1815,1852,1851
SHELL-1,1766,S4R,1815,1816,1853,1852
SHELL-1,1767,S4R,1816,1817,1854,1853
SHELL-1,1768,S4R,1817,1818,1855,1854
SHELL-1,1769,S4R,1818,1819,1856,1855
SHELL-1,1770,S4R,1819,1820,1857,1856
SHELL-1,1771,S4R,1820,1821,1858,1857
SHELL-1,1772,S4R,1821,1822,1859,1858
SHELL-1,1773,S4R,1822,1823,1860,1859
SHELL-1,1774,S4R,1823,1824,1861,1860
SHELL-1,1775,S4R,1824,1825,1862,1861
SHELL-1,1776,S4R,1825,1826,1863,1862
SHELL-1,1777,S4R,1826,1827,1864,1863
SHELL-1,1778,S4R,1827,1828,1865,1864
SHELL-1,1779,S4R,1828,1829,1866,1865
SHELL-1,1780,S4R,1829,1830,1867,1866
SHELL-1,1781,S4R,1830,1831,1868,1867
SHELL-1,1782,S4R,1831,1832,1869,1868
SHELL-1,1783,S4R,1832,1833,1870,1869
SHELL-1,1784,S4R,1833,1834,1871,1870
SHELL-1,1785,S4R,1834,1835,1872,1871
SHELL-1,1786,S4R,1835,1836,1873,1872
SHELL-1,1787,S4R,1836,1837,1874,1873
SHELL-1,1788,S4R,1837,1838,1875,1874
SHELL-1,1789,S4R,1838,1839,1876,1875
SHELL-1,1790,S4R,1839,1840,1877,1876
SHELL-1,1791,S4R,1840,1841,1878,1877
SHELL-1,1792,S4R,1841,1842,1879,1878
SHELL-1,1793,S4R,1842,1843,1880,1879
SHELL-1,1794,S4R,1843,1844,1881,1880
SHELL-1,1795,S4R,1844,1845,1882,1881
SHELL-1,1796,S4R,1845,1846,1883,1882
SHELL-1,1797,S4R,1846,1847,1884,1883
SHELL-1,1798,S4R,1847,1848,1885,1884
SHELL-1,1799,S4R,1848,1849,1886,1885
SHELL-1,1800,S4R,1849,1850,1887,1886
SHELL-1,1801,S4R,1851,1852,1889,1888
SHELL-1,1802,S4R,1852,1853,1890,1889
SHELL-1,1803,S4R,1853,1854,1891,1890
SHELL-1,1804,S4R,1854,1855,1892,1891
SHELL-1,1805,S4R,1855,1856,1893,1892
SHELL-1,1806,S4R,1856,1857,1894,1893
SHELL-1,1807,S4R,1857,1858,1895,1894
SHELL-1,1808,S4R,1858,1859,1896,1895
SHELL-1,1809,S4R,1859,1860,1897,1896
SHELL-1,1810,S4R,1860,1861,1898,1897
SHELL-1,1811,S4R,1861,1862,1899,1898
SHELL-1,1812,S4R,1862,1863,1900,1899
SHELL-1,1813,S4R,1863,1864,1901,1900
SHELL-1,1814,S4R,1864,1865,1902,1901
SHELL-1,1815,S4R,1865,1866,1903,1902
SHELL-1,1816,S4R,1866,1867,1904,1903
SHELL-1,1817,S4R,1867,1868,1905,1904
SHELL-1,1818,S4R,1868,1869,1906,1905
SHELL-1,1819,S4R,1869,1870,1907,1906
SHELL-1,1820,S4R,1870,1871,1908,1907
SHELL-1,1821,S4R,1871,1872,1909,1908
SHELL-1,1822,S4R,1872,1873,1910,1909
SHELL-1,1823,S4R,1873,1874,1911,1910
SHELL-1,1824,S4R,1874,1875,1912,1911
SHELL-1,1825,S4R,1875,1876,1913,1912
SHELL-1,1826,S4R,1876,1877,1914,1913
SHELL-1,1827,S4R,1877,1878,1915,1914
SHELL-1,1828,S4R,1878,1879,1916,1915
SHELL-1,1829,S4R,1879,1880,1917,1916
SHELL-1,1830,S4R,1880,1881,1918,1917
SHELL-1,1831,S4R,1881,1882,1919,1918
SHELL-1,1832,S4R,1882,1883,1920,1919
SHELL-1,1833,S4R,1883,1884,1921,1920
SHELL-1,1834,S4R,1884,1885,1922,1921
SHELL-1,1835,S4R,1885,1886,1923,1922
SHELL-1,1836,S4R,1886,1887,1924,1923
SHELL-1,1837,S4R,1888,1889,1926,1925
SHELL-1,1838,S4R,1889,1890,1927,1926
SHELL-1,1839,S4R,1890,1891,1928,1927
SHELL-1,1840,S4R,1891,1892,1929,1928
SHELL-1,1841,S4R,1892,1893,1930,1929
SHELL-1,1842,S4R,1893,1894,1931,1930
SHELL-1,1843,S4R,1894,1895,1932,1931
SHELL-1,1844,S4R,1895,1896,1933,1932
SHELL-1,1845,S4R,1896,1897,1934,1933
SHELL-1,1846,S4R,1897,1898,1935,1934
SHELL-1,1847,S4R,1898,1899,1936,1935
SHELL-1,1848,S4R,1899,1900,1937,1936
SHELL-1,1849,S4R,1900,1901,1938,1937
SHELL-1,1850,S4R,1901,1902,1939,1938
SHELL-1,1851,S4R,1902,1903,1940,1939
SHELL-1,1852,S4R,1903,1904,1941,1940
SHELL-1,1853,S4R,1904,1905,1942,1941
SHELL-1,1854,S4R,1905,1906,1943,1942
SHELL-1,1855,S4R,1906,1907,1944,1943
SHELL-1,1856,S4R,1907,1908,1945,1944
SHELL-1,1857,S4R,1908,1909,1946,1945
SHELL-1,1858,S4R,1909,1910,1947,1946
SHELL-1,1859,S4R,1910,1911,1948,1947
SHELL-1,1860,S4R,1911,1912,1949,1948
SHELL-1,1861,S4R,1912,1913,1950,1949
SHELL-1,1862,S4R,1913,1914,1951,1950
SHELL-1,1863,S4R,1914,1915,1952,1951
SHELL-1,1864,S4R,1915,1916,1953,1952
SHELL-1,1865,S4R,1916,1917,1954,1953
SHELL-1,1866,S4R,1917,1918,1955,1954
SHELL-1,1867,S4R,1918,1919,1956,1955
SHELL-1,1868,S4R,1919,1920,1957,1956
SHELL-1,1869,S4R,1920,1921,1958,1957
SHELL-1,1870,S4R,1921,1922,1959,1958
SHELL-1,1871,S4R,1922,1923,1960,1959
SHELL-1,1872,S4R,1923,1924,1961,1960
SHELL-1,1873,S4R,1925,1926,1963,1962
SHELL-1,1874,S4R,1926,1927,1964,1963
SHELL-1,1875,S4R,1927,1928,1965,1964
SHELL-1,1876,S4R,1928,1929,1966,1965
SHELL-1,1877,S4R,1929,1930,1967,1966
SHELL-1,1878,S4R,1930,1931,1968,1967
SHELL-1,1879,S4R,1931,1932,1969,1968
SHELL-1,1880,S4R,1932,1933,1970,1969
SHELL-1,1881,S4R,1933,1934,1971,1970
SHELL-1,1882,S4R,1934,1935,1972,1971
SHELL-1,1883,S4R,1935,1936,1973,1972
SHELL-1,1884,S4R,1936,1937,1974,1973
SHELL-1,1885,S4R,1937,1938,1975,1974
SHELL-1,1886,S4R,1938,1939,1976,1975
SHELL-1,1887,S4R,1939,1940,1977,1976
SHELL-1,1888,S4R,1940,1941,1978,1977
SHELL-1,1889,S4R,1941,1942,1979,1978
SHELL-1,1890,S4R,1942,1943,1980,1979
SHELL-1,1891,S4R,1943,1944,1981,1980
SHELL-1,1892,S4R,1944,1945,1982,1981
SHELL-1,1893,S4R,1945,1946,1983,1982
SHELL-1,1894,S4R,1946,1947,1984,1983
SHELL-1,1895,S4R,1947,1948,1985,1984
SHELL-1,1896,S4R,1948,1949,1986,1985
SHELL-1,1897,S4R,1949,1950,1987,1986
SHELL-1,1898,S4R,1950,1951,1988,1987
SHELL-1,1899,S4R,1951,1952,1989,1988
SHELL-1,1900,S4R,1952,1953,1990,1989
SHELL-1,1901,S4R,1953,1954,1991,1990
SHELL-1,1902,S4R,1954,1955,1992,1991
SHELL-1,1903,S4R,1955,1956,1993,1992
SHELL-1,1904,S4R,1956,1957,1994,1993
SHELL-1,1905,S4R,1957,1958,1995,1994
SHELL-1,1906,S4R,1958,1959,1996,1995
SHELL-1,1907,S4R,1959,1960,1997,1996
SHELL-1,1908,S4R,1960,1961,1998,1997
SHELL-1,1909,S4R,1962,1963,2000,1999
SHELL-1,1910,S4R,1963,1964,2001,2000
SHELL-1,1911,S4R,1964,1965,2002,2001
SHELL-1,1912,S4R,1965,1966,2003,2002
SHELL-1,1913,S4R,1966,1967,2004,2003
SHELL-1,1914,S4R,1967,1968,2005,2004
SHELL-1,1915,S4R,1968,1969,2006,2005
SHELL-1,1916,S4R,1969,1970,2007,2006
SHELL-1,1917,S4R,1970,1971,2008,2007
SHELL-1,1918,S4R,1971,1972,2009,2008
SHELL-1,1919,S4R,1972,1973,2010,2009
SHELL-1,1920,S4R,1973,1974,2011,2010
SHELL-1,1921,S4R,1974,1975,2012,2011
SHELL-1,1922,S4R,1975,1976,2013,2012
SHELL-1,1923,S4R,1976,1977,2014,2013
SHELL-1,1924,S4R,1977,1978,2015,2014
SHELL-1,1925,S4R,1978,1979,2016,2015
SHELL-1,1926,S4R,1979,1980,2017,2016
SHELL-1,1927,S4R,1980,1981,2018,2017
SHELL-1,1928,S4R,1981,1982,2019,2018
SHELL-1,1929,S4R,1982,1983,2020,2019
SHELL-1,1930,S4R,1983,1984,2021,2020
SHELL-1,1931,S4R,1984,1985,2022,2021
SHELL-1,1932,S4R,1985,1986,2023,2022
SHELL-1,1933,S4R,1986,1987,2024,2023
SHELL-1,1934,S4R,1987,1988,2025,2024
SHELL-1,1935,S4R,1988,1989,2026,2025
SHELL-1,1936,S4R,1989,1990,2027,2026
SHELL-1,1937,S4R,1990,1991,2028,2027
SHELL-1,1938,S4R,1991,1992,2029,2028
SHELL-1,1939,S4R,1992,1993,2030,2029
SHELL-1,1940,S4R,1993,1994,2031,2030
SHELL-1,1941,S4R,1994,1995,2032,2031
SHELL-1,1942,S4R,1995,1996,2033,2032
SHELL-1,1943,S4R,1996,1997,2034,2033
SHELL-1,1944,S4R,1997,1998,2035,2034
SHELL-1,1945,S4R,1999,2000,2037,2036
SHELL-1,1946,S4R,2000,2001,2038,2037
SHELL-1,1947,S4R,2001,2002,2039,2038
SHELL-1,1948,S4R,2002,2003,2040,2039
SHELL-1,1949,S4R,2003,2004,2041,2040
SHELL-1,1950,S4R,2004,2005,2042,2041
SHELL-1,1951,S4R,2005,2006,2043,2042
SHELL-1,1952,S4R,2006,2007,2044,2043
SHELL-1,1953,S4R,2007,2008,2045,2044
SHELL-1,1954,S4R,2008,2009,2046,2045
SHELL-1,1955,S4R,2009,2010,2047,2046
SHELL-1,1956,S4R,2010,2011,2048,2047
SHELL-1,1957,S4R,2011,2012,2049,2048
SHELL-1,1958,S4R,2012,2013,2050,2049
SHELL-1,1959,S4R,2013,2014,2051,2050
SHELL-1,1960,S4R,2014,2015,2052,2051
SHELL-1,1961,S4R,2015,2016,2053,2052
SHELL-1,1962,S4R,2016,2017,2054,2053
SHELL-1,1963,S4R,2017,2018,2055,2054
SHELL-1,1964,S4R,2018,2019,2056,2055
SHELL-1,1965,S4R,2019,2020,2057,2056
SHELL-1,1966,S4R,2020,2021,2058,2057
SHELL-1,1967,S4R,2021,2022,2059,2058
SHELL-1,1968,S4R,2022,2023,2060,2059
SHELL-1,1969,S4R,2023,2024,2061,2060
SHELL-1,1970,S4R,2024,2025,2062,2061
SHELL-1,1971,S4R,2025,2026,2063,2062
SHELL-1,1972,S4R,2026,2027,2064,2063
SHELL-1,1973,S4R,2027,2028,2065,2064
SHELL-1,1974,S4R,2028,2029,2066,2065
SHELL-1,1975,S4R,2029,2030,2067,2066
SHELL-1,1976,S4R,2030,2031,2068,2067
SHELL-1,1977,S4R,2031,2032,2069,2068
SHELL-1,1978,S4R,2032,2033,2070,2069
SHELL-1,1979,S4R,2033,2034,2071,2070
SHELL-1,1980,S4R,2034,2035,2072,2071
SHELL-1,1981,S4R,2036,2037,2074,2073
SHELL-1,1982,S4R,2037,2038,2075,2074
SHELL-1,1983,S4R,2038,2039,2076,2075
SHELL-1,1984,S4R,2039,2040,2077,2076
SHELL-1,1985,S4R,2040,2041,2078,2077
SHELL-1,1986,S4R,2041,2042,2079,2078
SHELL-1,1987,S4R,2042,2043,2080,2079
SHELL-1,1988,S4R,2043,2044,2081,2080
SHELL-1,1989,S4R,2044,2045,2082,2081
SHELL-1,1990,S4R,2045,2046,2083,2082
SHELL-1,1991,S4R,2046,2047,2084,2083
SHELL-1,1992,S4R,2047,2048,2085,2084
SHELL-1,1993,S4R,2048,2049,2086,2085
SHELL-1,1994,S4R,2049,2050,2087,2086
SHELL-1,1995,S4R,2050,2051,2088,2087
SHELL-1,1996,S4R,2051,2052,2089,2088
SHELL-1,1997,S4R,2052,2053,2090,2089
SHELL-1,1998,S4R,2053,2054,2091,2090
SHELL-1,1999,S4R,2054,2055,2092,2091
SHELL-1,2000,S4R,2055,2056,2093,2092
SHELL-1,2001,S4R,2056,2057,2094,2093
SHELL-1,2002,S4R,2057,2058,2095,2094
SHELL-1,2003,S4R,2058,2059,2096,2095
SHELL-1,2004,S4R,2059,2060,2097,2096
SHELL-1,2005,S4R,2060,2061,2098,2097
SHELL-1,2006,S4R,2061,2062,2099,2098
SHELL-1,2007,S4R,2062,2063,2100,2099
SHELL-1,2008,S4R,2063,2064,2101,2100
SHELL-1,2009,S4R,2064,2065,2102,2101
SHELL-1,2010,S4R,2065,2066,2103,2102
SHELL-1,2011,S4R,2066,2067,2104,2103
SHELL-1,2012,S4R,2067,2068,2105,2104
SHELL-1,2013,S4R,2068,2069,2106,2105
SHELL-1,2014,S4R,2069,2070,2107,2106
SHELL-1,2015,S4R,2070,2071,2108,2107
SHELL-1,2016,S4R,2071,2072,2109,2108
SHELL-1,2017,S4R,2073,2074,2111,2110
SHELL-1,2018,S4R,2074,2075,2112,2111
SHELL-1,2019,S4R,2075,2076,2113,2112
SHELL-1,2020,S4R,2076,2077,2114,2113
SHELL-1,2021,S4R,2077,2078,2115,2114
SHELL-1,2022,S4R,2078,2079,2116,2115
SHELL-1,2023,S4R,2079,2080,2117,2116
SHELL-1,2024,S4R,2080,2081,2118,2117
SHELL-1,2025,S4R,2081,2082,2119,2118
SHELL-1,2026,S4R,2082,2083,2120,2119
SHELL-1,2027,S4R,2083,2084,2121,2120
SHELL-1,2028,S4R,2084,2085,2122,2121
SHELL-1,2029,S4R,2085,2086,2123,2122
SHELL-1,2030,S4R,2086,2087,2124,2123
SHELL-1,2031,S4R,2087,2088,2125,2124
SHELL-1,2032,S4R,2088,2089,2126,2125
SHELL-1,2033,S4R,2089,2090,2127,2126
SHELL-1,2034,S4R,2090,2091,2128,2127
SHELL-1,2035,S4R,2091,2092,2129,2128
SHELL-1,2036,S4R,2092,2093,2130,2129
SHELL-1,2037,S4R,2093,2094,2131,2130
SHELL-1,2038,S4R,2094,2095,2132,2131
SHELL-1,2039,S4R,2095,2096,2133,2132
SHELL-1,2040,S4R,2096,2097,2134,2133
SHELL-1,2041,S4R,2097,2098,2135,2134
SHELL-1,2042,S4R,2098,2099,2136,2135
SHELL-1,2043,S4R,2099,2100,2137,2136
SHELL-1,2044,S4R,2100,2101,2138,2137
SHELL-1,2045,S4R,2101,2102,2139,2138
SHELL-1,2046,S4R,2102,2103,2140,2139
SHELL-1,2047,S4R,2103,2104,2141,2140
SHELL-1,2048,S4R,2104,2105,2142,2141
SHELL-1,2049,S4R,2105,2106,2143,2142
SHELL-1,2050,S4R,2106,2107,2144,2143
SHELL-1,2051,S4R,2107,2108,2145,2144
SHELL-1,2052,S4R,2108,2109,2146,2145
SHELL-1,2053,S4R,2110,2111,2148,2147
SHELL-1,2054,S4R,2111,2112,2149,2148
SHELL-1,2055,S4R,2112,2113,2150,2149
SHELL-1,2056,S4R,2113,2114,2151,2150
SHELL-1,2057,S4R,2114,2115,2152,2151
SHELL-1,2058,S4R,2115,2116,2153,2152
SHELL-1,2059,S4R,2116,2117,2154,2153
SHELL-1,2060,S4R,2117,2118,2155,2154
SHELL-1,2061,S4R,2118,2119,2156,2155
SHELL-1,2062,S4R,2119,2120,2157,2156
SHELL-1,2063,S4R,2120,2121,2158,2157
SHELL-1,2064,S4R,2121,2122,2159,2158
SHELL-1,2065,S4R,2122,2123,2160,2159
SHELL-1,2066,S4R,2123,2124,2161,2160
SHELL-1,2067,S4R,2124,2125,2162,2161
SHELL-1,2068,S4R,2125,2126,2163,2162
SHELL-1,2069,S4R,2126,2127,2164,2163
SHELL-1,2070,S4R,2127,2128,2165,2164
SHELL-1,2071,S4R,2128,2129,2166,2165
SHELL-1,2072,S4R,2129,2130,2167,2166
SHELL-1,2073,S4R,2130,2131,2168,2167
SHELL-1,2074,S4R,2131,2132,2169,2168
SHELL-1,2075,S4R,2132,2133,2170,2169
SHELL-1,2076,S4R,2133,2134,2171,2170
SHELL-1,2077,S4R,2134,2135,2172,2171
SHELL-1,2078,S4R,2135,2136,2173,2172
SHELL-1,2079,S4R,2136,2137,2174,2173
SHELL-1,2080,S4R,2137,2138,2175,2174
SHELL-1,2081,S4R,2138,2139,2176,2175
SHELL-1,2082,S4R,2139,2140,2177,2176
SHELL-1,2083,S4R,2140,2141,2178,2177
SHELL-1,2084,S4R,2141,2142,2179,2178
SHELL-1,2085,S4R,2142,2143,2180,2179
SHELL-1,2086,S4R,2143,2144,2181,2180
SHELL-1,2087,S4R,2144,2145,2182,2181
SHELL-1,2088,S4R,2145,2146,2183,2182
SHELL-1,2089,S4R,2147,2148,2185,2184
SHELL-1,2090,S4R,2148,2149,2186,2185
SHELL-1,2091,S4R,2149,2150,2187,2186
SHELL-1,2092,S4R,2150,2151,2188,2187
SHELL-1,2093,S4R,2151,2152,2189,2188
SHELL-1,2094,S4R,2152,2153,2190,2189
SHELL-1,2095,S4R,2153,2154,2191,2190
SHELL-1,2096,S4R,2154,2155,2192,2191
SHELL-1,2097,S4R,2155,2156,2193,2192
SHELL-1,2098,S4R,2156,2157,2194,2193
SHELL-1,2099,S4R,2157,2158,2195,2194
SHELL-1,2100,S4R,2158,2159,2196,2195
SHELL-1,2101,S4R,2159,2160,2197,2196
SHELL-1,2102,S4R,2160,2161,2198,2197
SHELL-1,2103,S4R,2161,2162,2199,2198
SHELL-1,2104,S4R,2162,2163,2200,2199
SHELL-1,2105,S4R,2163,2164,2201,2200
SHELL-1,2106,S4R,2164,2165,2202,2201
SHELL-1,2107,S4R,2165,2166,2203,2202
SHELL-1,2108,S4R,2166,2167,2204,2203
SHELL-1,2109,S4R,2167,2168,2205,2204
SHELL-1,2110,S4R,2168,2169,2206,2205
SHELL-1,2111,S4R,2169,2170,2207,2206
SHELL-1,2112,S4R,2170,2171,2208,2207
SHELL-1,2113,S4R,2171,2172,2209,2208
SHELL-1,2114,S4R,2172,2173,2210,2209
SHELL-1,2115,S4R,2173,2174,2211,2210
SHELL-1,2116,S4R,2174,2175,2212,2211
SHELL-1,2117,S4R,2175,2176,2213,2212
SHELL-1,2118,S4R,2176,2177,2214,2213
SHELL-1,2119,S4R,2177,2178,2215,2214
SHELL-1,2120,S4R,2178,2179,2216,2215
SHELL-1,2121,S4R,2179,2180,2217,2216
SHELL-1,2122,S4R,2180,2181,2218,2217
SHELL-1,2123,S4R,2181,2182,2219,2218
SHELL-1,2124,S4R,2182,2183,2220,2219
SHELL-1,2125,S4R,2184,2185,2222,2221
SHELL-1,2126,S4R,2185,2186,2223,2222
SHELL-1,2127,S4R,2186,2187,2224,2223
SHELL-1,2128,S4R,2187,2188,2225,2224
SHELL-1,2129,S4R,2188,2189,2226,2225
SHELL-1,2130,S4R,2189,2190,2227,2226
SHELL-1,2131,S4R,2190,2191,2228,2227
SHELL-1,2132,S4R,2191,2192,2229,2228
SHELL-1,2133,S4R,2192,2193,2230,2229
SHELL-1,2134,S4R,2193,2194,2231,2230
SHELL-1,2135,S4R,2194,2195,2232,2231
SHELL-1,2136,S4R,2195,2196,2233,2232
SHELL-1,2137,S4R,2196,2197,2234,2233
SHELL-1,2138,S4R,2197,2198,2235,2234
SHELL-1,2139,S4R,2198,2199,2236,2235
SHELL-1,2140,S4R,2199,2200,2237,2236
SHELL-1,2141,S4R,2200,2201,2238,2237
SHELL-1,2142,S4R,2201,2202,2239,2238
SHELL-1,2143,S4R,2202,2203,2240,2239
SHELL-1,2144,S4R,2203,2204,2241,2240
SHELL-1,2145,S4R,2204,2205,2242,2241
SHELL-1,2146,S4R,2205,2206,2243,2242
SHELL-1,2147,S4R,2206,2207,2244,2243
SHELL-1,2148,S4R,2207,2208,2245,2244
SHELL-1,2149,S4R,2208,2209,2246,2245
SHELL-1,2150,S4R,2209,2210,2247,2246
SHELL-1,2151,S4R,2210,2211,2248,2247
SHELL-1,2152,S4R,2211,2212,2249,2248
SHELL-1,2153,S4R,2212,2213,2250,2249
SHELL-1,2154,S4R,2213,2214,2251,2250
SHELL-1,2155,S4R,2214,2215,2252,2251
SHELL-1,2156,S4R,2215,2216,2253,2252
SHELL-1,2157,S4R,2216,2217,2254,2253
SHELL-1,2158,S4R,2217,2218,2255,2254
SHELL-1,2159,S4R,2218,2219,2256,2255
SHELL-1,2160,S4R,2219,2220,2257,2256
